0 0.083536
0 0.093909
0 0.092575
0 0.093877
0 0.079174
0 0.085221
0 0.087895
0 0.071253
0 0.114562
0 0.092529
0 0.095816
0 0.076144
0 0.088872
0 0.078683
0 0.095877
0 0.064443
0 0.073099
0 0.099599
0 0.095544
0 0.089023
0 0.076499
0 0.073550
0 0.083071
0 0.088566
0 0.075543
0 0.117183
0 0.078987
0 0.095863
0 0.083690
0 0.081325
0 0.079505
0 0.127005
0 0.093858
0 0.112188
0 0.089213
0 0.105150
0 0.075258
0 0.119408
0 0.139031
0 0.117832
0 0.117060
1 0.321065
1 0.254943
1 0.253465
1 0.225984
1 0.302952
1 0.343465
1 0.398878
1 0.243288
1 0.231875
1 0.320008
0 0.138389
0 0.087899
0 0.105309
0 0.110237
0 0.127139
0 0.168750
0 0.091060
0 0.157415
0 0.095254
0 0.158037
1 0.974521
1 0.994778
1 0.933819
1 0.995087
1 0.726178
1 0.998204
1 0.952100
1 0.957219
1 0.724696
1 0.849154
1 0.184898
1 0.226003
1 0.575062
1 0.845622
1 0.190080
1 0.288056
1 0.464961
1 0.177560
1 0.135398
1 0.170401
0 0.113848
0 0.223879
0 0.201427
0 0.315133
0 0.251573
0 0.324704
0 0.171219
0 0.214664
0 0.217322
0 0.178232
0 0.223076
0 0.216006
0 0.227047
0 0.213815
0 0.239835
0 0.193234
0 0.230284
0 0.183023
0 0.200311
0 0.193323
0 0.211895
0 0.238024
0 0.262568
0 0.164372
0 0.226249
0 0.215186
0 0.235074
0 0.214044
0 0.279886
0 0.213865
0 0.304405
1 0.172938
1 0.167081
1 0.238865
1 0.218046
1 0.213512
1 0.181747
1 0.266797
1 0.174620
1 0.161748
1 0.194756
1 0.221796
1 0.162870
1 0.240380
1 0.225702
1 0.199596
1 0.161278
1 0.162866
1 0.240080
1 0.196613
1 0.216572
1 0.245924
1 0.206679
1 0.213675
1 0.212506
1 0.178665
1 0.240315
1 0.195971
1 0.200298
1 0.326839
1 0.255709
1 0.166922
1 0.210845
1 0.231904
1 0.218566
1 0.183660
1 0.192460
1 0.187091
1 0.224184
1 0.247347
1 0.306479
1 0.238993
1 0.202677
1 0.162442
1 0.273582
1 0.177211
1 0.230237
1 0.133542
1 0.162439
1 0.191702
1 0.278621
0 0.176605
0 0.220283
0 0.237790
0 0.246115
0 0.251730
0 0.213241
0 0.227767
0 0.214763
0 0.244754
0 0.248932
0 0.237896
0 0.267447
0 0.311370
0 0.285590
0 0.255430
0 0.325804
0 0.257576
0 0.301477
0 0.273136
0 0.264716
0 0.281582
0 0.223866
0 0.267918
0 0.255235
0 0.283081
0 0.238202
0 0.244295
0 0.228846
0 0.248843
0 0.236557
0 0.251736
0 0.277460
0 0.260537
0 0.280207
0 0.277963
0 0.270315
0 0.256510
0 0.259052
0 0.265463
0 0.265193
0 0.258614
1 0.932937
1 0.949677
1 0.873803
1 0.827981
1 0.957574
1 0.956407
1 0.929092
1 0.842829
1 0.941370
1 0.916932
1 0.988034
1 0.986867
1 0.991936
1 0.971469
1 0.992245
1 0.978838
1 0.975304
1 0.985825
1 0.981511
1 0.984196
1 0.731653
1 0.906977
1 0.782718
1 0.726276
1 0.942461
1 0.907620
1 0.986525
1 0.842330
1 0.952068
1 0.964016
1 0.980045
1 0.959955
1 0.976011
1 0.989182
1 0.964502
1 0.992521
1 0.956921
1 0.995119
1 0.979801
1 0.930472
0 0.121081
0 0.117610
0 0.120331
0 0.126818
0 0.138936
0 0.133866
0 0.131856
0 0.110028
0 0.119898
0 0.105321
0 0.100155
0 0.114642
0 0.139234
0 0.137995
0 0.123360
0 0.127049
0 0.133341
0 0.130738
0 0.118652
0 0.121406
0 0.136838
0 0.173473
0 0.145138
0 0.099871
0 0.136993
0 0.119255
0 0.140398
0 0.138792
0 0.127371
0 0.124729
0 0.132651
0 0.125473
0 0.107152
0 0.137121
0 0.101952
0 0.121680
0 0.137185
0 0.122677
0 0.111391
0 0.115066
0 0.135192
0 0.133477
0 0.120922
0 0.157505
0 0.109294
0 0.098543
0 0.135043
0 0.129234
0 0.136815
0 0.111898
0 0.122989
0 0.126152
0 0.113440
0 0.104340
0 0.112590
0 0.110224
0 0.133081
0 0.121701
0 0.116742
0 0.124374
0 0.111773
0 0.111570
0 0.141329
0 0.107061
0 0.115112
0 0.117248
0 0.134766
0 0.111521
0 0.125046
0 0.143123
0 0.163103
0 0.108246
0 0.133607
0 0.156312
0 0.121944
0 0.100694
0 0.100313
0 0.144690
0 0.131093
0 0.125896
0 0.114023
0 0.489551
0 0.983885
0 0.945113
0 0.946833
0 0.984005
0 0.980603
0 0.963911
0 0.942229
0 0.973000
0 0.981012
0 0.973489
0 0.932555
0 0.856949
0 0.788717
0 0.669937
0 0.644318
0 0.799529
0 0.589677
0 0.729200
0 0.959296
0 0.545348
0 0.863945
1 0.792222
1 0.877721
1 0.940593
0 0.906003
0 0.951530
0 0.907033
0 0.933648
0 0.958591
0 0.942310
0 0.913978
0 0.886703
0 0.865366
0 0.957774
1 0.918951
1 0.947123
1 0.823663
1 0.897888
1 0.949052
1 0.902587
1 0.854640
1 0.906101
1 0.793196
1 0.819542
0 0.938536
0 0.879768
0 0.973782
0 0.868197
0 0.891586
0 0.976659
0 0.946843
0 0.950751
0 0.986359
0 0.893402
0 0.962867
0 0.133928
0 0.960052
0 0.376457
0 0.308402
0 0.276913
0 0.523710
0 0.418356
0 0.228302
0 0.299088
0 0.295698
0 0.201083
0 0.365299
0 0.296567
0 0.605263
0 0.706065
0 0.462128
0 0.171887
0 0.406653
0 0.334213
0 0.357385
0 0.624162
0 0.228281
0 0.769457
0 0.864488
1 0.944552
1 0.991110
1 0.950876
1 0.997300
1 0.999973
1 0.993721
1 0.995228
1 0.965592
1 0.997037
1 0.997826
1 0.999866
1 0.999830
1 0.894143
1 0.999810
1 0.999984
1 0.998036
1 0.987382
1 0.999969
1 0.997807
1 0.999609
1 0.998360
1 0.999723
1 0.998311
1 0.996259
1 0.998583
1 0.995920
1 0.999391
1 0.997973
1 0.999180
1 0.993792
1 0.999998
1 0.999933
1 0.999543
1 0.999954
1 0.999999
1 0.999922
1 0.999534
1 0.999923
1 0.999783
1 0.999903
1 0.921655
1 0.874910
1 0.468216
1 0.512321
1 0.664480
1 0.246882
1 0.365731
1 0.525627
1 0.895455
1 0.988321
0 0.044750
0 0.058368
0 0.028288
0 0.033523
0 0.056709
0 0.045421
0 0.033508
0 0.035591
0 0.040042
0 0.031845
0 0.034728
0 0.038866
0 0.056370
0 0.040216
0 0.060860
0 0.038102
0 0.042475
0 0.042121
0 0.041271
0 0.032811
0 0.120203
0 0.051712
0 0.057368
0 0.066931
0 0.059253
0 0.066523
0 0.073427
0 0.045960
0 0.102519
0 0.048223
0 0.061381
0 0.068473
0 0.056570
0 0.043016
0 0.038762
0 0.046559
0 0.086272
0 0.098130
0 0.065234
0 0.045556
0 0.117921
1 0.997560
1 0.999741
1 0.999584
1 0.999981
1 0.999784
1 0.999975
1 0.999871
1 0.999933
1 0.999926
1 0.999984
1 0.979080
1 0.761699
1 0.996185
1 0.996132
1 0.998364
1 0.998561
1 0.999441
1 0.998364
1 0.984230
1 0.989596
1 0.992986
1 0.991419
1 0.994013
1 0.991224
1 0.993462
1 0.984824
1 0.762740
1 0.984023
1 0.909831
1 0.998877
1 0.996182
1 0.994533
1 0.999430
1 0.996598
1 0.997274
1 0.921330
1 0.990918
1 0.986237
1 0.949673
1 0.997269
0 0.929977
0 0.929625
0 0.542039
0 0.589895
0 0.646656
0 0.738061
0 0.853495
0 0.776522
0 0.623232
0 0.451181
0 0.469816
0 0.801122
0 0.725741
0 0.599121
0 0.992137
0 0.941827
0 0.854876
0 0.922539
0 0.982804
0 0.615793
0 0.508406
0 0.670965
0 0.914576
0 0.568163
0 0.857084
0 0.852542
0 0.878962
0 0.693232
0 0.541560
0 0.645889
0 0.801544
1 0.999934
1 0.999833
1 0.999972
1 0.999525
1 0.999995
1 0.999779
1 0.999715
1 0.999983
1 0.999996
1 0.999862
1 0.999376
1 0.999969
1 0.999520
1 0.999975
1 0.999999
1 0.999908
1 0.999990
1 0.999984
1 0.999790
1 0.999620
1 0.999998
1 0.999991
1 0.999934
1 0.999999
1 0.999972
1 0.999974
1 0.999998
1 0.999994
1 0.999997
1 0.722065
1 0.770198
1 0.400902
1 0.676741
1 0.724207
1 0.532223
1 0.701769
1 0.998560
1 0.993635
1 0.963614
1 0.999969
1 0.999126
1 0.999251
1 0.999691
1 0.998098
1 0.999887
0 0.092108
0 0.194273
0 0.215575
0 0.179731
0 0.287297
0 0.230667
0 0.209634
0 0.242741
0 0.222722
0 0.183103
0 0.267209
0 0.139389
0 0.184802
0 0.314542
0 0.377150
0 0.225770
0 0.260103
0 0.312765
0 0.136979
0 0.317491
0 0.223685
0 0.232365
0 0.573885
0 0.235003
0 0.464562
0 0.388758
0 0.220010
0 0.287933
0 0.255879
0 0.176443
0 0.284829
0 0.301015
0 0.274575
0 0.345305
0 0.479779
0 0.289350
0 0.265414
0 0.321455
0 0.320275
0 0.220123
0 0.226990
1 0.294973
1 0.288551
1 0.242056
1 0.314403
1 0.299442
1 0.328538
1 0.349494
1 0.184128
1 0.361742
1 0.232315
1 0.408021
1 0.420833
1 0.651716
1 0.368942
1 0.444601
1 0.488820
1 0.440534
1 0.662893
1 0.240896
1 0.377409
1 0.502191
1 0.833255
1 0.361928
1 0.873690
1 0.833833
1 0.645946
1 0.881097
1 0.537654
1 0.717894
1 0.783652
1 0.467524
1 0.402966
1 0.611171
1 0.563007
1 0.921248
1 0.657031
1 0.371442
1 0.476497
1 0.575345
1 0.476715
0 0.110312
0 0.253526
0 0.194863
0 0.205139
0 0.255206
0 0.327653
0 0.339393
0 0.379651
0 0.348071
0 0.245275
0 0.303549
0 0.298248
0 0.262444
0 0.283996
0 0.260946
0 0.183186
0 0.192743
0 0.231310
0 0.356945
0 0.233188
0 0.164771
0 0.175567
0 0.184324
0 0.154716
0 0.196622
0 0.245017
0 0.254111
0 0.240465
0 0.248880
0 0.323092
0 0.182610
0 0.167891
0 0.203659
0 0.272693
0 0.186855
0 0.279227
0 0.268996
0 0.264664
0 0.148502
0 0.317989
0 0.198691
1 0.324650
1 0.264200
1 0.585700
1 0.457119
1 0.374767
1 0.442753
1 0.352321
1 0.343232
1 0.327694
1 0.257463
1 0.278693
1 0.237737
1 0.222121
1 0.164200
1 0.291559
1 0.252697
1 0.239817
1 0.226823
1 0.242017
1 0.243979
1 0.473192
1 0.306606
1 0.447221
1 0.386986
1 0.312687
1 0.382745
1 0.443017
1 0.355921
1 0.390555
1 0.446832
1 0.541509
1 0.302019
1 0.474862
1 0.284018
1 0.390032
1 0.401075
1 0.405535
1 0.278899
1 0.385748
1 0.465744
0 0.261663
0 0.377173
0 0.511606
0 0.485745
0 0.340624
0 0.340741
0 0.332130
0 0.391003
0 0.329372
0 0.472616
0 0.768306
1 0.750639
1 0.900592
1 0.878772
1 0.794618
1 0.859511
1 0.867302
1 0.965059
1 0.743662
1 0.958744
0 0.823323
0 0.798229
0 0.911106
1 0.995343
1 0.958244
1 0.975845
1 0.980273
1 0.996657
1 0.981680
1 0.995552
1 0.999531
1 0.993053
1 0.885260
1 0.999587
1 0.999970
1 0.999911
1 0.997322
1 0.972170
1 0.999489
1 0.998144
1 0.999968
1 0.997710
1 0.999939
1 0.997038
1 0.986339
1 0.993032
1 0.969119
1 0.998078
1 0.988308
1 0.990227
1 0.988094
1 0.999322
1 0.991399
1 0.999998
1 0.999987
1 0.999997
1 0.999862
1 0.999994
1 0.999995
1 0.999633
1 0.999982
1 0.999995
1 0.999991
0 0.077165
0 0.137259
0 0.149374
0 0.128354
0 0.171678
0 0.127646
0 0.139251
0 0.103362
0 0.098056
0 0.157364
0 0.171707
0 0.136910
0 0.173752
0 0.097023
0 0.095205
0 0.138214
0 0.163745
0 0.232488
0 0.156541
0 0.117761
0 0.101816
0 0.224494
0 0.205290
0 0.105988
0 0.167147
0 0.140480
0 0.114125
0 0.160124
0 0.138226
0 0.132040
0 0.123788
0 0.114912
0 0.191119
0 0.308330
0 0.281636
0 0.170928
0 0.130721
0 0.129662
0 0.172224
0 0.242137
0 0.182931
0 0.259483
0 0.144046
0 0.354168
0 0.529410
0 0.641523
0 0.267169
0 0.214354
0 0.298063
0 0.138391
0 0.438768
1 0.893522
1 0.902734
1 0.991206
1 0.962077
1 0.998978
1 0.989860
1 0.988271
1 0.979077
1 0.920371
1 0.954458
1 0.879508
1 0.365947
1 0.881675
1 0.696731
1 0.927875
1 0.811592
1 0.900615
1 0.973043
1 0.807074
1 0.832599
1 0.997516
1 0.969771
1 0.646096
1 0.857942
1 0.956077
1 0.932072
1 0.999173
1 0.997660
1 0.899318
1 0.745666
0 0.111568
0 0.216342
0 0.224125
0 0.128656
0 0.168018
0 0.217562
0 0.207524
0 0.193034
0 0.174133
0 0.212847
0 0.241097
0 0.099025
0 0.162893
0 0.098905
0 0.150469
0 0.170241
0 0.132071
0 0.195747
0 0.116748
0 0.117860
0 0.172442
0 0.193483
0 0.238181
0 0.253705
0 0.122081
0 0.125650
0 0.146050
0 0.211330
0 0.106457
0 0.118174
0 0.236472
0 0.148283
0 0.139199
0 0.178158
0 0.193238
0 0.110609
0 0.180131
0 0.143417
0 0.214744
0 0.192727
0 0.203925
1 0.111560
1 0.130700
0 0.276673
0 0.223952
0 0.392375
0 0.292956
0 0.241916
0 0.264924
0 0.356314
0 0.305648
0 0.378916
0 0.248057
1 0.155616
1 0.117927
1 0.076698
1 0.114272
1 0.165610
1 0.097171
1 0.084817
1 0.153604
1 0.155663
1 0.114362
1 0.334774
1 0.070024
1 0.144245
1 0.182673
1 0.249878
1 0.446876
1 0.282651
1 0.451419
1 0.585298
1 0.363722
0 0.127716
0 0.294529
0 0.279409
0 0.418099
0 0.281989
0 0.406899
0 0.470039
0 0.414193
0 0.292488
0 0.438089
0 0.283650
0 0.308444
0 0.213000
0 0.312788
0 0.652057
0 0.355162
0 0.301242
0 0.273455
0 0.206151
0 0.209330
0 0.196496
0 0.447332
0 0.302386
0 0.594089
0 0.543984
0 0.476618
0 0.347781
0 0.482600
0 0.351140
0 0.416203
0 0.591248
0 0.436992
0 0.271315
0 0.165847
0 0.173274
0 0.480489
0 0.329147
0 0.563082
0 0.448961
0 0.204966
0 0.389270
1 0.841374
1 0.998112
1 0.961530
1 0.980890
1 0.998225
1 0.960074
1 0.996696
1 0.986426
1 0.979640
1 0.975654
1 0.990815
1 0.997659
1 0.988522
1 0.988637
1 0.984160
1 0.998801
1 0.992939
1 0.991205
1 0.999636
1 0.988992
1 0.918873
1 0.967939
1 0.991500
1 0.875640
1 0.814946
1 0.996860
1 0.833393
1 0.999038
1 0.992523
1 0.882521
1 0.620141
1 0.853554
1 0.820125
1 0.773571
1 0.775993
1 0.861275
1 0.458874
1 0.604166
1 0.906647
1 0.798878
0 0.266036
0 0.373215
0 0.336548
0 0.339479
0 0.344988
0 0.380728
0 0.333096
0 0.355700
0 0.389778
0 0.354047
0 0.319290
0 0.318320
0 0.277437
0 0.333810
0 0.343088
0 0.416459
0 0.296270
0 0.288359
0 0.353029
0 0.366109
0 0.380098
0 0.396586
1 0.740146
0 0.464621
0 0.369211
0 0.709569
0 0.530987
0 0.359525
0 0.291157
0 0.447354
0 0.374786
0 0.279097
0 0.273367
0 0.379501
0 0.365119
0 0.453528
0 0.401625
1 0.749120
1 0.979362
1 0.786400
1 0.973197
1 0.979211
1 0.963559
1 0.979505
1 0.977671
1 0.638806
1 0.979737
1 0.978782
1 0.980139
1 0.979626
1 0.982716
1 0.978030
1 0.981380
1 0.979812
1 0.978153
1 0.978593
1 0.978802
1 0.979258
1 0.979048
1 0.978294
1 0.979351
1 0.918361
1 0.961834
1 0.902182
1 0.979051
1 0.901740
1 0.979514
1 0.441844
1 0.393754
1 0.933473
1 0.443934
1 0.426426
1 0.432833
1 0.413263
1 0.455997
1 0.412505
1 0.421748
0 0.134255
1 0.252275
1 0.318795
1 0.208748
1 0.189453
0 0.253770
0 0.343471
0 0.241484
0 0.440253
0 0.278636
0 0.336304
0 0.379455
0 0.260749
0 0.305918
0 0.196309
0 0.294939
0 0.331837
0 0.287318
0 0.389196
0 0.320674
1 0.515888
1 0.600453
1 0.753170
1 0.440224
1 0.578171
1 0.389231
1 0.519723
1 0.260700
1 0.588237
1 0.421483
0 0.491661
0 0.221951
0 0.289137
0 0.251645
0 0.327311
0 0.360593
0 0.239595
0 0.385136
0 0.317910
0 0.323773
1 0.999916
1 0.578798
1 0.999996
1 0.663612
1 0.912664
1 0.423217
1 0.999979
1 0.601377
1 0.602131
1 0.506383
1 0.611978
1 0.520423
1 0.776386
1 0.635167
1 0.488066
1 0.723922
1 0.762781
1 0.792797
1 0.701314
1 0.649635
0 0.218922
0 0.304225
0 0.266846
0 0.319145
0 0.305886
0 0.241674
0 0.294493
0 0.306679
0 0.340062
0 0.267307
0 0.283726
0 0.281434
0 0.252862
0 0.330161
0 0.263313
0 0.243578
0 0.301173
0 0.249060
0 0.259386
0 0.320530
0 0.277173
0 0.227205
0 0.279519
0 0.266984
0 0.249766
0 0.240346
1 0.347742
1 0.209327
1 0.225567
1 0.272550
1 0.262335
1 0.252308
1 0.290979
1 0.299130
1 0.231550
1 0.384083
1 0.363174
1 0.282415
1 0.232936
1 0.391025
1 0.379930
1 0.512414
1 0.353291
1 0.428322
0 0.184716
0 0.190374
0 0.252309
0 0.199224
0 0.303278
0 0.216194
0 0.241288
0 0.263981
0 0.201664
0 0.236958
0 0.234018
0 0.236067
0 0.230825
0 0.268355
0 0.246858
0 0.331272
0 0.246638
0 0.239173
0 0.181218
0 0.258294
0 0.235220
0 0.182129
0 0.247888
0 0.260393
0 0.191066
0 0.211702
0 0.250167
0 0.191068
0 0.246486
0 0.225648
0 0.223648
0 0.232950
0 0.223437
0 0.204183
0 0.234862
0 0.143380
0 0.179829
0 0.239235
0 0.206335
0 0.249312
0 0.200923
0 0.216748
0 0.265467
0 0.183344
0 0.192156
0 0.226711
0 0.236780
0 0.229354
0 0.190666
0 0.193292
0 0.201730
0 0.188723
0 0.199224
0 0.191019
0 0.200720
0 0.202008
0 0.187988
0 0.189604
0 0.206839
0 0.164027
0 0.239408
0 0.215026
0 0.252760
0 0.194460
0 0.179412
0 0.342638
0 0.256348
0 0.254119
0 0.240263
0 0.221407
0 0.244375
0 0.220195
0 0.200168
0 0.247765
0 0.194238
0 0.255331
0 0.192378
0 0.227799
0 0.151072
0 0.429790
0 0.323038
0 0.245604
0 0.276968
0 0.310705
0 0.225232
0 0.284500
0 0.235666
0 0.285912
0 0.174321
0 0.226651
0 0.352618
0 0.333252
0 0.303462
0 0.227731
0 0.205134
0 0.244762
0 0.289830
0 0.320751
0 0.308317
0 0.294055
0 0.237774
0 0.393663
0 0.321232
0 0.515729
0 0.264088
0 0.275503
1 0.401891
1 0.582259
1 0.363935
1 0.511079
1 0.354593
1 0.591287
1 0.420991
1 0.251219
1 0.470937
1 0.306802
1 0.533986
1 0.407063
1 0.373418
1 0.723975
1 0.251310
1 0.272624
1 0.551653
1 0.750007
1 0.417041
1 0.625717
1 0.999232
1 0.999988
1 0.999984
1 0.999562
1 0.999737
1 0.999728
1 0.999946
1 0.999744
1 0.990768
1 0.999942
1 0.999973
1 0.999736
1 0.999992
1 0.999928
1 0.999946
1 0.999998
1 0.999979
1 0.999954
1 0.999995
1 0.999928
1 0.999629
1 0.999665
1 0.999647
1 0.999355
1 0.991470
1 0.998236
1 0.996492
1 0.994199
1 0.995831
1 0.981173
0 0.069726
0 0.128974
0 0.138571
0 0.120705
0 0.139470
0 0.112138
0 0.076009
0 0.123127
0 0.106749
0 0.178549
0 0.098013
0 0.123663
0 0.125178
0 0.087897
0 0.127467
0 0.094138
0 0.119286
0 0.145355
0 0.110874
0 0.087626
0 0.144253
0 0.110634
0 0.148031
0 0.105547
0 0.140196
0 0.116663
0 0.099618
0 0.091922
0 0.139578
0 0.120933
0 0.185827
0 0.134132
0 0.140217
0 0.138408
0 0.102132
0 0.106445
0 0.111977
0 0.111038
0 0.121891
0 0.095785
0 0.102533
1 0.200463
1 0.144519
1 0.194861
1 0.247261
1 0.278512
1 0.163044
1 0.281566
1 0.207915
1 0.278864
1 0.272557
1 0.518464
1 0.376261
1 0.492100
1 0.361100
1 0.507560
1 0.655747
1 0.543740
1 0.563341
1 0.714335
1 0.531489
1 0.245396
1 0.120510
1 0.631543
1 0.750774
1 0.893797
1 0.615454
1 0.784316
1 0.428986
1 0.450334
1 0.437725
1 0.510360
1 0.775703
0 0.128761
0 0.153614
0 0.306056
0 0.306156
0 0.251465
0 0.438205
0 0.158826
0 0.312438
0 0.553389
0 0.433891
0 0.211091
0 0.431813
0 0.219950
0 0.222172
0 0.240108
0 0.173603
0 0.218821
0 0.261305
0 0.259201
0 0.371439
0 0.314842
0 0.177127
0 0.223797
0 0.244586
0 0.211136
0 0.283706
0 0.280381
0 0.420673
0 0.246394
0 0.168331
0 0.258942
0 0.349697
0 0.417182
0 0.341586
0 0.193203
0 0.382456
0 0.382904
0 0.205713
0 0.402261
0 0.273860
0 0.357406
1 0.595594
1 0.673392
1 0.829961
1 0.971487
1 0.988679
1 0.601790
1 0.862189
1 0.583573
1 0.642349
1 0.872337
1 0.982845
1 0.983265
1 0.843756
1 0.995459
1 0.810886
1 0.980398
1 0.996937
1 0.968374
1 0.971205
1 0.933259
1 0.263427
1 0.332512
1 0.193115
1 0.600788
1 0.457047
1 0.479416
1 0.192517
1 0.338632
1 0.602661
1 0.386650
1 0.965096
1 0.678891
1 0.578293
1 0.878987
1 0.848180
1 0.728397
1 0.798989
1 0.942099
1 0.513276
1 0.955755
0 0.208157
0 0.273852
0 0.540145
0 0.272920
0 0.751143
0 0.276513
0 0.468531
0 0.278139
0 0.336511
0 0.265644
0 0.243902
0 0.749607
0 0.936846
0 0.227616
1 0.465386
1 0.859941
0 0.808952
0 0.841996
1 0.439623
0 0.727968
1 0.413487
0 0.285834
0 0.798789
0 0.438746
0 0.399104
0 0.346916
0 0.353799
0 0.818004
0 0.405732
0 0.417750
0 0.362170
1 0.966495
1 0.315338
1 0.938240
1 0.252529
1 0.530908
1 0.320903
1 0.852780
1 0.650113
1 0.353446
1 0.550889
1 0.353397
1 0.322554
1 0.312871
1 0.665459
1 0.390555
1 0.523441
1 0.845422
1 0.717763
1 0.755414
1 0.322297
0 0.308210
0 0.486408
0 0.390014
0 0.412545
0 0.462196
0 0.384836
0 0.409468
0 0.401820
0 0.350188
0 0.372499
0 0.423033
0 0.509156
1 0.644201
1 0.861161
1 0.706352
0 0.437989
0 0.430918
0 0.421568
0 0.422221
1 0.885416
0 0.499111
0 0.431441
0 0.390314
0 0.490660
0 0.391239
0 0.412312
0 0.459584
0 0.425131
0 0.455281
0 0.474479
0 0.424112
1 0.432642
1 0.814121
1 0.871495
1 0.870726
1 0.881976
1 0.312224
1 0.875413
1 0.873841
1 0.878765
1 0.874405
1 0.326130
1 0.889153
1 0.872699
1 0.866452
1 0.432501
1 0.813890
1 0.876263
1 0.877554
1 0.790543
1 0.879253
1 0.872442
1 0.879745
1 0.473303
1 0.875458
1 0.773714
1 0.877685
1 0.877823
1 0.879046
1 0.878616
1 0.893977
1 0.889923
1 0.878486
1 0.884602
1 0.877612
1 0.881059
1 0.880168
1 0.880084
1 0.870637
1 0.922431
1 0.870864
0 0.395046
0 0.596282
0 0.547600
0 0.665853
0 0.610069
0 0.528088
0 0.594011
0 0.563620
0 0.800573
0 0.499870
0 0.775171
0 0.793603
0 0.714629
0 0.673263
0 0.578668
0 0.619988
0 0.731312
0 0.765299
0 0.720449
0 0.504059
0 0.465273
0 0.597715
0 0.581660
0 0.638885
0 0.596357
0 0.666272
0 0.625944
0 0.609521
0 0.484003
0 0.613362
0 0.545497
0 0.497430
0 0.526384
0 0.597016
0 0.645994
0 0.702720
0 0.707174
1 0.770855
1 0.818295
1 0.822100
1 0.813894
1 0.817085
1 0.753665
1 0.759270
1 0.791300
1 0.682022
1 0.720712
1 0.785206
1 0.842253
1 0.793497
1 0.670104
1 0.830673
1 0.758081
1 0.843140
1 0.813886
1 0.731809
1 0.868261
1 0.665412
1 0.682075
1 0.759204
1 0.561751
1 0.619119
1 0.612663
1 0.577833
1 0.639494
1 0.514847
1 0.783678
1 0.922151
1 0.697661
1 0.684316
1 0.773771
1 0.933400
1 0.819541
1 0.909280
1 0.766354
1 0.899127
1 0.695101
0 0.343298
0 0.763838
1 0.791267
1 0.504848
1 0.710484
1 0.734629
1 0.393192
1 0.749067
0 0.923515
0 0.899259
0 0.870375
0 0.941210
1 0.999830
1 0.999814
1 0.999828
1 0.999718
1 0.999737
1 0.999746
1 0.999528
1 0.999742
1 0.999726
1 0.999737
0 0.781309
0 0.912729
0 0.549964
0 0.793886
1 0.999791
1 0.999826
1 0.999469
1 0.999378
1 0.999901
1 0.999835
1 0.998592
1 0.999310
1 0.999855
1 0.999753
1 0.963942
1 0.977829
1 0.996761
1 0.935339
1 0.947408
1 0.993010
1 0.979422
1 0.898609
1 0.965089
1 0.968323
1 0.999382
1 0.999754
1 0.999763
1 0.999218
1 0.999791
1 0.999770
1 0.999339
1 0.999879
1 0.999788
1 0.999884
0 0.057020
0 0.100933
0 0.108667
0 0.108470
0 0.079788
0 0.095987
0 0.107392
0 0.106972
0 0.096609
0 0.104726
0 0.073370
0 0.079579
0 0.106695
0 0.082284
0 0.102290
0 0.090194
0 0.078282
0 0.078199
0 0.088410
0 0.101244
0 0.065150
0 0.070654
0 0.080514
0 0.089301
0 0.132652
0 0.080481
0 0.075921
0 0.088419
0 0.116238
0 0.111838
0 0.075614
0 0.081973
0 0.063851
0 0.074050
0 0.088826
0 0.073820
0 0.077181
0 0.130162
0 0.165331
0 0.102448
0 0.073895
1 0.340114
1 0.587260
1 0.247042
1 0.453185
1 0.526008
1 0.569963
1 0.302702
1 0.500077
1 0.572626
1 0.504342
1 0.972613
1 0.998384
1 0.999583
1 0.997170
1 0.998032
1 0.998336
1 0.997105
1 0.992523
1 0.998030
1 0.961309
0 0.327494
0 0.306114
0 0.336933
0 0.369580
0 0.316036
0 0.349125
0 0.301290
0 0.341207
0 0.322782
0 0.343196
0 0.339577
0 0.344900
0 0.361344
0 0.333713
0 0.417474
0 0.415535
0 0.317855
0 0.396158
0 0.362935
0 0.454177
0 0.311521
0 0.360842
0 0.330916
0 0.463156
0 0.398574
0 0.372748
0 0.397176
0 0.329225
0 0.439081
0 0.347006
0 0.345437
0 0.331389
0 0.331268
0 0.343226
0 0.334052
0 0.388129
0 0.530134
0 0.344192
0 0.373852
0 0.363834
0 0.402060
1 0.558200
1 0.508155
1 0.739579
0 0.333059
0 0.383622
0 0.359747
0 0.418727
1 0.978393
1 0.496765
1 0.979386
1 0.566411
1 0.965858
1 0.978622
1 0.615958
1 0.976886
1 0.979978
1 0.978853
1 0.501511
1 0.529241
1 0.605436
1 0.493835
1 0.497868
1 0.534574
0 0.103390
0 0.368743
1 0.406576
0 0.223364
1 0.270468
0 0.316157
0 0.327974
0 0.497652
0 0.704508
0 0.334085
0 0.129532
0 0.355460
0 0.136666
0 0.206047
1 0.903835
1 0.862926
1 0.433982
1 0.803013
1 0.932048
1 0.832611
1 0.619248
1 0.922687
1 0.633227
1 0.550412
1 0.717705
1 0.577882
1 0.652719
1 0.451974
1 0.767993
1 0.681828
1 0.377500
1 0.377289
1 0.643218
1 0.746315
1 0.762121
1 0.949322
1 0.979789
1 0.743080
1 0.962166
1 0.966625
1 0.574583
1 0.866408
1 0.946541
1 0.982418
1 0.915201
1 0.939463
1 0.513793
1 0.978632
1 0.927215
1 0.994846
1 0.991428
1 0.986780
1 0.980213
1 0.964966
1 0.498972
1 0.961637
1 0.528818
1 0.648008
1 0.920180
1 0.533017
1 0.547019
1 0.887208
1 0.934071
1 0.753481
0 0.259238
0 0.580598
0 0.553577
0 0.378927
0 0.467750
0 0.547174
0 0.485942
0 0.388339
0 0.449045
0 0.433705
0 0.871031
0 0.860345
0 0.873088
0 0.930848
0 0.912808
0 0.778654
0 0.865529
1 0.987291
0 0.492826
0 0.634129
0 0.500071
0 0.525602
0 0.582451
0 0.585258
0 0.459025
0 0.435996
0 0.481308
1 0.619910
0 0.520782
0 0.443231
1 0.652694
1 0.712710
1 0.872117
0 0.233429
1 0.878960
1 0.658734
1 0.750808
1 0.878155
0 0.285408
0 0.384115
0 0.303385
0 0.323796
0 0.287347
0 0.318317
0 0.294094
0 0.332523
0 0.462654
0 0.297633
0 0.422665
0 0.373586
0 0.430751
0 0.386866
0 0.294244
0 0.369830
0 0.364516
0 0.399697
0 0.392106
0 0.412698
0 0.406795
0 0.435529
0 0.482780
0 0.405274
0 0.356314
0 0.476644
0 0.419482
0 0.361718
0 0.665350
0 0.387722
1 0.461864
1 0.435806
1 0.361557
1 0.526904
1 0.504841
1 0.712170
1 0.898670
1 0.684314
1 0.784955
1 0.895071
1 0.935551
1 0.971606
1 0.865042
1 0.943427
1 0.630912
1 0.339449
1 0.458186
1 0.425291
1 0.335969
0 0.304858
0 0.284828
0 0.326757
0 0.319729
0 0.371102
0 0.281412
0 0.335112
0 0.345385
0 0.289994
0 0.369172
0 0.113185
0 0.128648
0 0.168013
0 0.136841
0 0.112108
0 0.114884
0 0.146647
0 0.171976
0 0.152728
0 0.155047
0 0.137689
0 0.142180
0 0.151013
0 0.152782
0 0.155687
0 0.166060
0 0.140819
0 0.154448
0 0.171258
0 0.142923
0 0.154552
0 0.152933
0 0.139080
0 0.140987
0 0.137982
0 0.156785
0 0.134835
0 0.131286
0 0.177448
0 0.207903
0 0.121612
0 0.135926
0 0.122560
0 0.113447
0 0.129965
0 0.111167
0 0.224898
0 0.162099
0 0.179343
0 0.118134
0 0.130391
0 0.155103
0 0.200836
0 0.154036
0 0.132175
0 0.164046
0 0.143091
0 0.109803
0 0.142215
0 0.143914
0 0.158151
0 0.142538
0 0.149515
0 0.122584
0 0.123396
0 0.182640
0 0.139941
0 0.121406
0 0.126591
0 0.251246
0 0.143493
1 0.228776
1 0.150459
1 0.145090
1 0.317378
1 0.120648
1 0.184019
1 0.174052
1 0.230113
1 0.180447
1 0.167542
1 0.106177
1 0.118503
1 0.100570
1 0.109611
1 0.144371
1 0.122655
1 0.106379
1 0.126266
0 0.388371
0 0.410365
0 0.421680
0 0.375038
0 0.423259
0 0.417400
0 0.392713
0 0.393152
0 0.412861
0 0.391544
0 0.412099
0 0.444720
0 0.460440
0 0.475463
0 0.420659
0 0.498339
0 0.456122
0 0.465433
0 0.417809
1 0.643737
1 0.673350
1 0.737962
1 0.877924
1 0.763151
1 0.699524
1 0.931496
1 0.812879
1 0.943497
1 0.883264
1 0.731870
1 0.922703
0 0.421937
0 0.434329
0 0.474168
0 0.414558
0 0.432064
1 0.631893
1 0.623847
1 0.581472
1 0.675135
1 0.627651
0 0.383852
0 0.377631
0 0.382374
0 0.365324
0 0.335338
0 0.359685
0 0.379464
0 0.402754
0 0.372755
0 0.349603
0 0.202213
0 0.891945
1 0.989988
0 0.451070
0 0.607388
1 0.988048
0 0.701403
0 0.913791
0 0.805675
0 0.324400
0 0.742489
0 0.208227
0 0.411568
0 0.727707
0 0.148862
0 0.279942
0 0.723875
0 0.855969
0 0.493494
1 0.881333
0 0.260366
1 0.876660
1 0.883602
0 0.306469
1 0.991458
1 0.975606
1 0.955951
1 0.942060
1 0.975386
1 0.998358
1 0.993503
1 0.993272
1 0.870215
1 0.964409
1 0.999813
1 0.999761
1 0.999976
1 0.999981
1 0.999972
1 0.999970
1 0.999958
1 0.999928
1 0.999795
1 0.999941
1 0.999899
1 0.999395
1 0.999951
1 0.999936
1 0.999948
1 0.999989
1 0.999875
1 0.999992
1 0.999761
1 0.999995
1 0.999996
1 0.999995
1 0.999995
1 0.999992
1 0.999994
1 0.999995
1 0.999994
1 0.999997
1 0.999953
1 0.999951
1 0.999879
1 0.999960
1 0.999337
1 0.999909
1 0.999681
1 0.999915
1 0.999951
1 0.999844
1 0.999741
1 0.999951
0 0.143938
0 0.755525
0 0.887991
0 0.842072
0 0.689503
0 0.664073
0 0.549050
0 0.761425
0 0.912083
0 0.770872
0 0.607961
0 0.234296
0 0.564515
0 0.559831
0 0.553849
0 0.694719
0 0.601455
0 0.692986
0 0.420133
0 0.735463
0 0.548602
0 0.838831
0 0.898799
0 0.846166
0 0.912775
0 0.796922
0 0.846560
0 0.454272
0 0.804410
0 0.943332
0 0.723256
0 0.504712
0 0.758702
0 0.333584
0 0.402892
0 0.426068
0 0.429468
0 0.485749
0 0.332655
0 0.436611
0 0.422584
1 0.998439
1 0.992693
1 0.960207
1 0.997344
1 0.970545
1 0.974979
1 0.999204
1 0.998541
1 0.996639
1 0.982462
1 0.995556
1 0.975857
1 0.975776
1 0.989910
1 0.995471
1 0.996502
1 0.957595
1 0.993703
1 0.996283
1 0.999165
0 0.851399
0 0.859883
0 0.738015
0 0.886493
0 0.638765
0 0.856677
0 0.932371
0 0.971552
0 0.944576
1 0.984430
1 0.978739
1 0.979630
1 0.868560
1 0.978053
1 0.989496
1 0.999565
1 0.993091
1 0.993678
1 0.975606
0 0.139271
0 0.216919
0 0.314981
0 0.167997
0 0.239587
0 0.152387
0 0.339224
0 0.220056
0 0.362168
0 0.182880
0 0.209864
0 0.495100
0 0.387530
0 0.284164
0 0.352264
0 0.311591
0 0.243415
0 0.391152
0 0.198947
0 0.217101
0 0.421619
0 0.387075
0 0.213905
0 0.564025
0 0.288514
0 0.406717
0 0.280856
0 0.310888
0 0.539106
0 0.331922
0 0.250882
0 0.460710
0 0.332461
0 0.562756
1 0.489414
1 0.959203
1 0.996486
1 0.650409
1 0.386086
1 0.445101
1 0.987829
1 0.938001
1 0.674510
1 0.652883
1 0.642042
1 0.710463
1 0.561908
1 0.740231
1 0.501920
1 0.459297
1 0.789413
1 0.580240
1 0.665393
1 0.437685
1 0.539061
1 0.453187
1 0.562513
1 0.580580
1 0.545308
1 0.632620
1 0.586543
1 0.708152
1 0.183394
1 0.213397
1 0.342958
1 0.191973
1 0.158174
1 0.390444
1 0.264287
1 0.235041
1 0.180744
1 0.177168
0 0.161323
0 0.274582
0 0.225180
0 0.298265
0 0.249890
0 0.274406
0 0.389019
0 0.312016
0 0.287107
0 0.442639
0 0.218102
0 0.230244
0 0.262931
0 0.299983
0 0.259090
0 0.195291
0 0.277557
0 0.303976
0 0.237349
0 0.224679
0 0.233441
0 0.215352
0 0.325462
0 0.254332
0 0.312596
0 0.409050
0 0.236648
0 0.383535
0 0.310111
0 0.192430
0 0.222916
0 0.339635
0 0.296879
0 0.221417
0 0.251226
0 0.282319
0 0.249238
0 0.274557
0 0.255857
0 0.263496
0 0.254254
1 0.760847
1 0.950575
1 0.864367
1 0.643940
1 0.842965
1 0.756865
1 0.773889
1 0.745427
1 0.850005
1 0.717513
0 0.453575
1 0.998304
1 0.984136
1 0.998738
1 0.953867
1 0.616830
1 0.924710
1 0.928787
1 0.838209
1 0.293965
1 0.961435
1 0.750243
1 0.792666
1 0.697372
1 0.857586
1 0.651141
1 0.683855
1 0.683464
1 0.890483
1 0.691956
1 0.793620
0 0.131549
0 0.183257
0 0.162098
0 0.187551
0 0.193915
0 0.200162
0 0.211131
0 0.224829
0 0.156131
0 0.166288
0 0.223502
0 0.172578
0 0.265824
0 0.277691
0 0.176991
0 0.141499
0 0.156256
0 0.141770
0 0.173141
0 0.150746
0 0.233961
0 0.167973
0 0.156910
0 0.154490
0 0.174835
0 0.197353
0 0.159234
0 0.301171
0 0.168153
0 0.168307
0 0.203526
0 0.156557
0 0.199605
0 0.200541
0 0.269281
0 0.211527
0 0.210434
0 0.303677
0 0.171927
0 0.246979
0 0.175342
1 0.308004
1 0.626163
1 0.374570
1 0.504885
1 0.401346
1 0.553334
1 0.416764
1 0.512650
1 0.396180
1 0.426001
1 0.994509
1 0.999295
1 0.990482
1 0.974980
1 0.995630
1 0.995953
1 0.999130
1 0.999255
1 0.998988
1 0.994157
1 0.274867
1 0.191267
1 0.252193
1 0.229046
1 0.158520
1 0.196257
1 0.196050
1 0.131132
1 0.124667
1 0.197600
1 0.265165
1 0.508944
1 0.360801
1 0.272700
1 0.210907
1 0.236734
1 0.347640
1 0.329863
1 0.333387
1 0.270782
0 0.504587
0 0.500160
0 0.484574
0 0.663493
0 0.545541
0 0.502814
0 0.664639
0 0.436966
0 0.621759
0 0.952226
0 0.444223
1 0.813462
1 0.697763
1 0.585770
1 0.936440
1 0.842005
1 0.835069
1 0.639582
1 0.650750
1 0.802000
1 0.764661
0 0.443772
0 0.646896
0 0.485308
0 0.370429
0 0.430702
0 0.422979
0 0.384639
0 0.806283
0 0.703741
0 0.527883
1 0.223067
1 0.303593
1 0.578317
1 0.227872
1 0.591706
1 0.309468
1 0.531210
1 0.617555
1 0.540896
1 0.366815
1 0.461567
1 0.668352
1 0.416240
1 0.471107
1 0.505088
1 0.363564
1 0.410388
1 0.471213
1 0.497143
1 0.717370
1 0.313151
1 0.287408
1 0.472090
1 0.386063
1 0.394647
1 0.249905
1 0.397082
1 0.456947
1 0.280745
1 0.271794
1 0.611560
1 0.775500
1 0.508809
1 0.186666
1 0.590992
1 0.567770
1 0.123745
1 0.817050
1 0.435659
1 0.664291
0 0.624034
0 0.542147
0 0.590412
0 0.407737
0 0.333664
0 0.767061
0 0.654829
0 0.395253
0 0.554856
0 0.336810
0 0.164009
0 0.186231
0 0.214196
0 0.192211
0 0.234119
0 0.218150
0 0.253394
0 0.195031
0 0.248063
0 0.230866
0 0.230191
0 0.218618
0 0.250734
0 0.238534
0 0.212291
0 0.225093
0 0.227792
0 0.255932
0 0.231281
0 0.250231
0 0.192772
0 0.242491
0 0.217278
0 0.226000
0 0.183665
0 0.255564
0 0.240138
0 0.230986
0 0.238069
0 0.244206
0 0.206988
0 0.222854
0 0.220303
0 0.237388
0 0.265773
0 0.206938
0 0.217692
0 0.256784
0 0.217850
0 0.241229
0 0.232180
0 0.178219
0 0.187787
0 0.226978
0 0.173965
0 0.180989
0 0.175622
0 0.170708
0 0.185667
0 0.229101
0 0.171735
0 0.247018
0 0.197324
0 0.270391
0 0.257958
0 0.254423
0 0.244457
0 0.226685
0 0.239627
0 0.243418
0 0.218537
0 0.230742
0 0.198394
0 0.211708
0 0.218791
0 0.236603
0 0.192826
0 0.239121
0 0.192294
0 0.220774
0 0.244793
0 0.214426
0 0.205801
0 0.217198
0 0.261234
0 0.198594
0 0.239962
0 0.192697
0 0.202850
0 0.215282
0 0.241720
0 0.096950
0 0.636514
0 0.341385
0 0.746409
0 0.394576
0 0.317597
0 0.447672
0 0.612524
0 0.276502
0 0.775508
0 0.571234
0 0.253968
0 0.281494
0 0.604333
0 0.170946
0 0.486676
0 0.348858
0 0.546212
0 0.386694
0 0.481464
1 0.327472
1 0.621804
1 0.336953
1 0.267876
1 0.515774
1 0.275450
1 0.405254
1 0.313738
1 0.473343
1 0.503451
1 0.999996
1 0.999999
1 0.999999
1 0.999800
1 0.999975
1 0.999987
1 0.999978
1 0.999991
1 0.999999
1 1.000000
1 0.999992
1 0.999995
1 1.000000
1 1.000000
1 0.999999
1 0.999966
1 1.000000
1 0.999999
1 0.999998
1 0.999999
1 0.999633
1 0.998400
1 0.999591
1 0.999879
1 0.999415
1 0.995316
1 0.999988
1 0.999706
1 0.993618
1 0.992664
1 0.104932
1 0.212301
1 0.219584
1 0.149067
1 0.216479
1 0.230140
1 0.099050
1 0.353361
1 0.248087
1 0.247995
0 0.088584
0 0.122356
0 0.086823
0 0.066194
0 0.086225
0 0.083128
0 0.097855
0 0.073536
0 0.090060
0 0.072002
0 0.077715
0 0.077644
0 0.073327
0 0.057567
0 0.083567
0 0.086955
0 0.108282
0 0.125221
0 0.079354
0 0.081409
0 0.080972
0 0.074340
0 0.087734
0 0.085061
0 0.122131
0 0.065461
0 0.088303
0 0.080729
0 0.057564
0 0.072988
0 0.106274
0 0.072363
0 0.088614
0 0.078550
0 0.083895
0 0.066715
0 0.079190
0 0.097547
0 0.069426
0 0.078046
0 0.092904
1 0.343798
1 0.366245
1 0.265456
1 0.311049
1 0.467301
1 0.424844
1 0.277611
1 0.399698
1 0.298584
1 0.690627
0 0.074025
0 0.071067
0 0.082226
0 0.096865
0 0.064284
0 0.052440
0 0.061898
0 0.112617
0 0.064867
0 0.063780
1 0.131307
1 0.165255
1 0.124377
1 0.174855
1 0.160901
1 0.170040
1 0.170580
1 0.185299
1 0.215709
1 0.159686
1 0.235372
1 0.210011
1 0.213517
1 0.153619
1 0.190528
1 0.298757
1 0.253504
1 0.207583
1 0.290879
1 0.334813
0 0.086155
0 0.070119
0 0.061720
0 0.109972
0 0.074559
0 0.073224
0 0.102925
0 0.077332
0 0.082299
0 0.082933
0 0.094165
0 0.134116
0 0.077659
0 0.086829
0 0.085915
0 0.123906
0 0.098924
0 0.102943
0 0.072719
0 0.114973
0 0.090297
0 0.078416
0 0.107968
0 0.112335
0 0.075064
0 0.088891
0 0.084837
0 0.138274
0 0.076980
0 0.070425
0 0.079621
0 0.067414
0 0.128526
0 0.097156
0 0.119060
0 0.128120
0 0.100162
0 0.089435
0 0.065872
0 0.091790
0 0.079262
0 0.114830
0 0.122896
0 0.093152
0 0.071102
0 0.088176
0 0.058391
0 0.062802
0 0.080278
0 0.072137
0 0.073924
1 0.272325
1 0.280570
1 0.351289
1 0.222514
1 0.270935
1 0.221399
1 0.324053
1 0.202185
1 0.287659
1 0.268306
1 0.354086
1 0.380244
1 0.506491
1 0.421174
1 0.299964
1 0.350516
1 0.293851
1 0.359072
1 0.572462
1 0.420780
1 0.583453
1 0.871220
1 0.730816
1 0.293518
1 0.370673
1 0.785613
1 0.275505
1 0.433957
1 0.186086
1 0.895534
0 0.323052
1 0.940317
0 0.601748
1 0.774495
1 0.894224
1 0.979677
1 0.639632
0 0.542357
0 0.634752
0 0.631613
0 0.732015
1 0.869860
0 0.440613
0 0.514401
0 0.544649
0 0.551069
1 0.585360
1 0.390187
1 0.435750
1 0.707544
1 0.725684
1 0.430628
1 0.395859
1 0.493080
1 0.403241
1 0.413831
1 0.919646
0 0.604203
0 0.748522
0 0.873575
0 0.570381
0 0.842700
0 0.926502
1 0.809028
1 0.797409
1 0.924455
1 0.847310
1 0.939991
1 0.762436
1 0.856796
1 0.927760
1 0.814713
1 0.909056
1 0.851039
1 0.992498
1 0.992696
1 0.991870
1 0.992098
1 0.992848
1 0.991374
1 0.989985
1 0.987790
1 0.990037
1 0.984693
1 0.905313
1 0.973451
1 0.991050
1 0.988949
1 0.995417
1 0.973385
1 0.976638
1 0.979226
1 0.994079
0 0.202361
1 0.319430
1 0.558389
1 0.233627
1 0.240298
1 0.228148
0 0.255395
0 0.259611
0 0.373701
0 0.354979
0 0.162177
0 0.199165
0 0.212786
1 0.657782
1 0.399945
1 0.685016
0 0.448814
1 0.321167
1 0.852886
1 0.722306
1 0.942741
0 0.441635
0 0.688152
0 0.253125
0 0.577152
0 0.247892
0 0.429283
0 0.422232
0 0.359590
1 0.702205
1 0.991809
1 0.976750
1 0.947016
1 0.773811
1 0.890745
1 0.750171
1 0.801381
1 0.713409
1 0.490907
1 0.451992
1 0.784039
1 0.973263
1 0.595404
1 0.707104
1 0.706877
1 0.456577
1 0.588190
1 0.917632
1 0.814651
1 0.992276
1 0.990223
1 0.935161
1 0.990879
1 0.865047
1 0.870730
1 0.930568
1 0.866162
1 0.957820
1 0.965767
0 0.133585
0 0.295223
0 0.214386
0 0.274734
0 0.325693
0 0.356020
0 0.394369
0 0.227078
0 0.311201
0 0.300899
0 0.395100
0 0.372499
0 0.293815
0 0.444541
0 0.368416
0 0.268815
0 0.351579
0 0.304080
0 0.250468
0 0.367267
0 0.270679
0 0.479083
0 0.629119
0 0.570694
0 0.666116
0 0.544164
0 0.750938
0 0.586528
0 0.714145
0 0.482698
0 0.577917
0 0.251934
0 0.272110
0 0.243835
0 0.220375
0 0.254512
0 0.237917
0 0.240951
0 0.319080
0 0.487741
0 0.252382
1 0.250127
1 0.348901
1 0.340081
1 0.372328
1 0.250468
1 0.385870
1 0.485118
1 0.442171
1 0.434972
1 0.306461
1 0.997558
1 0.997342
1 0.899906
1 0.981421
1 0.976397
1 0.999948
1 0.993810
1 0.898162
1 0.989044
1 0.999151
1 0.324716
1 0.397515
1 0.295598
1 0.326867
1 0.432482
1 0.288580
1 0.400533
1 0.244061
1 0.370917
1 0.333984
0 0.173138
0 0.195123
0 0.110095
0 0.245308
0 0.181738
0 0.160585
0 0.200489
0 0.188564
0 0.146474
0 0.154621
0 0.155501
0 0.282797
0 0.260131
0 0.176089
0 0.162880
0 0.423273
0 0.204180
0 0.249202
0 0.228660
0 0.221286
0 0.185189
0 0.149704
0 0.134979
0 0.113298
0 0.149381
0 0.194554
0 0.155127
0 0.109844
0 0.152575
0 0.209410
0 0.191927
0 0.106532
0 0.084199
0 0.107726
0 0.095072
0 0.080016
0 0.138762
0 0.138989
0 0.099898
0 0.121070
0 0.127637
0 0.120453
1 0.304675
0 0.110897
0 0.091344
1 0.622862
0 0.119890
0 0.136375
1 0.999978
1 0.999964
1 0.999757
1 0.999101
1 0.980897
1 0.999763
1 0.998756
1 0.822781
1 0.850913
1 0.957810
1 0.972040
1 0.946887
1 0.877777
1 0.974800
1 0.644691
1 0.660220
1 0.799091
1 0.535114
1 0.806844
1 0.938764
0 0.111326
0 0.224766
0 0.201529
0 0.260798
0 0.223507
0 0.306864
0 0.227991
0 0.234701
0 0.237465
0 0.175166
0 0.247795
0 0.199394
0 0.205848
0 0.284926
0 0.229150
0 0.226881
0 0.213343
0 0.230629
0 0.309144
0 0.282162
0 0.240376
0 0.192887
0 0.206231
0 0.211277
0 0.200847
0 0.218360
0 0.210418
0 0.208357
0 0.258379
0 0.274546
0 0.267836
0 0.249088
0 0.248721
0 0.241513
0 0.234319
0 0.256293
0 0.257863
0 0.309076
0 0.268200
1 0.424401
1 0.739554
1 0.493213
1 0.462603
1 0.641025
1 0.472935
1 0.635855
1 0.488237
1 0.509797
1 0.249971
1 0.956335
1 0.328489
1 0.328258
1 0.966426
1 0.374801
1 0.366065
1 0.942871
1 0.805171
1 0.526548
1 0.328443
1 0.607139
1 0.699101
1 0.666058
1 0.600979
1 0.749106
1 0.573747
1 0.415437
1 0.493032
1 0.641398
1 0.819842
0 0.044392
0 0.067425
0 0.056324
0 0.051488
0 0.066279
0 0.083117
0 0.074198
0 0.037017
0 0.053343
0 0.069411
0 0.052449
0 0.051509
0 0.057789
0 0.065115
0 0.045752
0 0.052482
0 0.066609
0 0.066663
0 0.059911
0 0.082125
0 0.048929
0 0.057104
0 0.087050
0 0.069370
0 0.069503
0 0.080233
0 0.092991
0 0.069066
0 0.068366
0 0.063931
0 0.078202
0 0.075518
0 0.065279
0 0.086834
0 0.098972
0 0.087139
0 0.075984
0 0.075564
0 0.079749
0 0.079907
0 0.081344
0 0.052677
0 0.112881
0 0.141460
0 0.062853
0 0.064640
0 0.047529
0 0.053704
0 0.092544
0 0.067832
0 0.067909
0 0.057550
0 0.094750
0 0.088901
0 0.064346
0 0.088499
0 0.080105
0 0.052571
0 0.068585
0 0.070489
0 0.095675
0 0.129017
0 0.064649
0 0.068863
0 0.066873
0 0.067766
0 0.047527
0 0.052085
0 0.054752
0 0.059778
0 0.054934
0 0.042574
0 0.058287
0 0.090649
0 0.065988
0 0.069104
0 0.114228
0 0.130501
0 0.191252
0 0.218654
0 0.245515
0 0.238895
0 0.273055
0 0.249283
0 0.397759
0 0.154176
0 0.419025
0 0.197342
0 0.118496
0 0.294486
0 0.178947
0 0.131670
0 0.122051
0 0.176117
0 0.139130
0 0.270739
0 0.134926
0 0.151351
0 0.222154
0 0.142317
0 0.212540
0 0.201149
0 0.242603
0 0.182342
0 0.216352
0 0.134152
0 0.200512
0 0.147304
0 0.170187
0 0.113686
0 0.121794
0 0.188241
0 0.146737
0 0.153038
0 0.177638
0 0.194290
0 0.208609
1 0.228865
1 0.705112
1 0.611627
1 0.348256
1 0.644000
1 0.281847
1 0.246056
1 0.275876
1 0.937298
1 0.693546
1 0.469942
1 0.272900
1 0.952402
1 0.466313
1 0.495602
1 0.652085
1 0.315652
1 0.274235
1 0.492395
1 0.791079
1 0.784904
1 0.257878
1 0.277461
1 0.348352
1 0.380910
1 0.346789
1 0.252273
1 0.609344
1 0.250622
1 0.393030
1 0.949186
1 0.926340
1 0.997588
1 0.996567
1 0.956084
1 0.999179
1 0.546887
1 0.981181
1 0.850112
1 0.522417
0 0.110603
0 0.097149
0 0.109328
0 0.104049
0 0.118407
0 0.094788
0 0.120356
0 0.075877
0 0.090384
0 0.116884
0 0.099295
0 0.120703
0 0.140105
0 0.111522
0 0.115323
0 0.111696
0 0.118388
0 0.140931
0 0.119481
0 0.098219
0 0.130099
0 0.113398
0 0.098665
0 0.162200
0 0.118033
0 0.097722
0 0.124336
0 0.092318
0 0.138508
0 0.104304
0 0.129679
0 0.088693
0 0.098177
0 0.097347
0 0.102005
0 0.115357
0 0.101485
0 0.094766
0 0.113991
0 0.101937
0 0.084876
1 0.273063
1 0.254935
1 0.305959
1 0.351997
1 0.250493
1 0.274155
1 0.216580
1 0.368190
1 0.391313
1 0.350830
1 0.204485
1 0.254608
1 0.181984
1 0.237451
1 0.327752
1 0.214323
1 0.434547
1 0.343188
1 0.527107
1 0.407373
1 0.353915
1 0.554966
1 0.384602
1 0.525326
1 0.397960
1 0.341098
1 0.336344
0 0.147993
0 0.141712
0 0.174459
0 0.193942
0 0.155365
0 0.160261
0 0.134321
0 0.144843
0 0.128670
0 0.181346
0 0.143731
0 0.143976
0 0.106840
0 0.141928
0 0.128865
0 0.116744
0 0.108938
0 0.138334
0 0.135362
0 0.112320
0 0.110788
0 0.176876
0 0.221052
0 0.181576
0 0.170046
0 0.210172
0 0.141555
0 0.178362
0 0.220227
0 0.185669
0 0.222898
0 0.167747
0 0.163772
0 0.161984
0 0.170189
0 0.136769
0 0.148280
0 0.177772
0 0.160475
0 0.174741
0 0.190003
1 0.461406
1 0.866554
1 0.434488
1 0.757790
1 0.683405
1 0.335925
1 0.767261
1 0.503577
1 0.841938
1 0.706008
1 0.216319
1 0.216173
1 0.176147
1 0.167280
1 0.164493
1 0.166829
1 0.224875
1 0.844051
1 0.507411
1 0.840961
1 0.876716
1 0.910612
1 0.812251
1 0.891237
1 0.949387
1 0.972363
1 0.975868
1 0.681860
1 0.899640
1 0.834637
1 0.972703
1 0.974739
1 0.845275
1 0.959392
0 0.161951
0 0.234696
0 0.224707
0 0.239435
0 0.212744
0 0.230234
0 0.223749
0 0.217968
0 0.199951
0 0.243688
0 0.208340
0 0.261747
0 0.212637
0 0.232569
0 0.254001
0 0.252582
0 0.269800
0 0.249276
0 0.264406
0 0.260097
0 0.189942
0 0.237327
0 0.201639
0 0.186340
0 0.212139
0 0.238049
0 0.196308
0 0.237744
0 0.215872
0 0.198515
0 0.249518
0 0.240145
0 0.251119
0 0.257062
0 0.243883
0 0.228397
0 0.272099
0 0.215705
0 0.250065
0 0.275714
0 0.237063
0 0.244749
0 0.278140
0 0.238272
0 0.196449
0 0.281474
0 0.219298
0 0.226297
0 0.216572
0 0.195863
0 0.271753
0 0.238959
0 0.230362
0 0.251570
0 0.249239
0 0.243319
0 0.183162
0 0.201082
0 0.238797
0 0.211107
0 0.255131
0 0.224801
0 0.221684
0 0.205353
0 0.248012
0 0.236062
0 0.210992
0 0.231743
0 0.237849
0 0.216729
0 0.214653
0 0.228378
0 0.241972
0 0.223035
0 0.215231
0 0.205738
0 0.241032
0 0.269633
0 0.285186
0 0.252390
0 0.210934
0 0.112051
0 0.195088
0 0.228756
0 0.211315
0 0.216504
0 0.246392
0 0.238267
0 0.233329
0 0.262511
0 0.249017
0 0.211315
0 0.277228
0 0.281220
0 0.263270
0 0.331036
0 0.210186
0 0.250175
0 0.274679
0 0.253858
0 0.276247
0 0.214805
0 0.278110
0 0.283244
0 0.310265
0 0.259531
0 0.232735
0 0.280710
0 0.282392
0 0.280003
0 0.294398
0 0.272586
0 0.244595
0 0.285542
0 0.297595
0 0.247140
0 0.278230
0 0.335984
0 0.271228
0 0.358505
0 0.307088
0 0.333002
0 0.348129
0 0.296515
0 0.374583
0 0.342361
0 0.202564
0 0.201016
0 0.179434
0 0.212025
0 0.274191
0 0.223872
0 0.219817
0 0.207824
0 0.211975
0 0.188275
0 0.248177
0 0.220993
0 0.261726
0 0.282951
0 0.338742
0 0.301884
0 0.310006
0 0.322526
0 0.307664
0 0.299305
0 0.305230
0 0.034428
0 0.078061
0 0.034699
0 0.078908
0 0.044125
0 0.051039
0 0.051301
0 0.085014
0 0.076193
0 0.059042
0 0.050469
0 0.050204
0 0.050828
0 0.051406
0 0.046628
0 0.052248
0 0.039265
0 0.043548
0 0.050294
0 0.061558
0 0.041187
0 0.047531
0 0.046871
0 0.048892
0 0.049611
0 0.049395
0 0.045694
0 0.056607
0 0.055809
0 0.050395
0 0.048478
0 0.049912
0 0.060760
0 0.049976
0 0.067120
0 0.056518
0 0.048037
0 0.063135
0 0.052469
0 0.054336
0 0.056541
1 0.865289
1 0.998239
1 0.971041
1 0.997505
1 0.849442
1 0.582794
1 0.894869
1 0.932061
1 0.990954
1 0.865021
1 0.493883
1 0.572678
1 0.907435
1 0.954883
1 0.636318
1 0.904711
1 0.619657
1 0.847124
1 0.852379
1 0.358899
1 0.856489
1 0.970919
1 0.570649
1 0.869486
1 0.858288
1 0.744577
1 0.855205
1 0.894505
1 0.944658
1 0.941081
0 0.125295
0 0.155798
0 0.153564
0 0.168503
0 0.158288
0 0.156324
0 0.156527
0 0.137841
0 0.149007
0 0.139525
0 0.169877
0 0.185874
0 0.177032
0 0.231014
0 0.235420
0 0.164828
0 0.232070
0 0.281051
0 0.208168
0 0.284135
0 0.237346
0 0.171912
0 0.198394
0 0.145848
0 0.144460
0 0.147147
0 0.180938
0 0.151767
0 0.185632
0 0.156959
0 0.147948
0 0.142094
0 0.166515
0 0.133483
0 0.138535
0 0.184602
0 0.160647
0 0.201805
0 0.144638
0 0.141621
0 0.165555
0 0.173354
0 0.198830
0 0.135076
0 0.165427
0 0.131004
0 0.203162
0 0.202208
0 0.282154
0 0.177843
0 0.231337
0 0.162799
0 0.197421
0 0.214256
0 0.170288
1 0.320589
0 0.207376
0 0.250075
0 0.160607
1 0.291258
1 0.187246
1 0.220849
1 0.170905
1 0.207499
1 0.353159
1 0.214457
1 0.276855
1 0.206903
1 0.206998
1 0.924760
1 0.986416
1 0.826539
1 0.943799
1 0.931715
1 0.966244
1 0.961230
1 0.828797
1 0.929932
1 0.893332
0 0.162925
0 0.182495
0 0.209494
0 0.177092
0 0.173753
0 0.193427
0 0.195836
0 0.161067
0 0.188964
0 0.180708
0 0.209128
0 0.254877
0 0.234801
0 0.237086
0 0.200863
0 0.236586
0 0.196528
0 0.221764
0 0.258282
0 0.245416
0 0.228062
0 0.186751
0 0.198454
0 0.189229
0 0.201384
0 0.194653
0 0.196110
0 0.213058
0 0.194212
0 0.204925
0 0.197291
0 0.194873
0 0.152383
0 0.168978
0 0.178695
0 0.173706
0 0.189031
0 0.201870
0 0.168873
0 0.191859
0 0.182952
1 0.310496
1 0.300130
1 0.413769
1 0.379322
1 0.296251
1 0.254908
1 0.247806
1 0.294352
1 0.302084
1 0.342734
1 0.337577
1 0.252762
1 0.272460
1 0.250426
1 0.304188
1 0.285874
1 0.273307
1 0.341433
1 0.262065
1 0.289846
1 0.293141
1 0.317811
1 0.336793
1 0.376397
1 0.501002
1 0.354110
1 0.249398
1 0.344942
1 0.303522
1 0.248013
1 0.247023
1 0.263633
1 0.308425
1 0.366353
1 0.200897
1 0.258802
1 0.239250
0 0.116238
0 0.127141
0 0.160723
0 0.131995
0 0.137490
0 0.117405
0 0.129057
0 0.120954
0 0.140851
0 0.142027
0 0.127375
0 0.146993
0 0.147471
0 0.132025
0 0.156391
0 0.140852
0 0.144823
0 0.163502
0 0.138945
0 0.143780
0 0.180789
0 0.139108
0 0.143283
0 0.162708
0 0.173894
0 0.171324
0 0.174294
0 0.142649
0 0.157343
0 0.092072
0 0.178728
0 0.137578
0 0.167759
0 0.154408
0 0.165597
0 0.153972
0 0.149922
0 0.167604
0 0.169162
0 0.149347
0 0.138207
0 0.140936
0 0.139212
0 0.137655
0 0.134650
0 0.128100
0 0.142903
0 0.145817
0 0.168829
0 0.140089
0 0.155456
0 0.135665
0 0.179660
0 0.146536
0 0.114271
0 0.152522
0 0.180753
0 0.172664
0 0.136628
0 0.125772
0 0.164252
0 0.188182
0 0.150727
0 0.162732
0 0.152963
0 0.206670
0 0.150667
0 0.163113
0 0.186052
0 0.168575
0 0.182168
0 0.145366
0 0.175240
0 0.174203
0 0.210194
0 0.145366
0 0.206281
0 0.184771
0 0.195845
0 0.159445
0 0.167953
0 0.395115
0 0.356882
1 0.375183
1 0.315757
0 0.325537
0 0.317862
0 0.304485
1 0.265807
1 0.328392
0 0.328059
0 0.327714
0 0.303499
0 0.397817
0 0.330734
0 0.306721
0 0.308336
0 0.351274
0 0.290643
0 0.335136
0 0.313475
0 0.344517
0 0.319400
0 0.313119
0 0.341059
0 0.303413
1 0.819256
1 0.590509
1 0.551963
1 0.790081
1 0.821389
1 0.647989
1 0.662794
1 0.722155
1 0.805932
1 0.657048
0 0.289564
0 0.298535
0 0.303025
0 0.318024
0 0.324184
0 0.335846
0 0.345593
0 0.309891
0 0.315066
0 0.301422
0 0.323326
0 0.300660
0 0.301663
0 0.299328
0 0.308435
0 0.338381
0 0.310985
0 0.333741
0 0.309059
1 0.280356
1 0.320386
1 0.290952
1 0.276577
0 0.340834
0 0.327948
0 0.300011
0 0.314550
0 0.338332
0 0.343612
0 0.343809
0 0.336810
0 0.318645
0 0.172227
0 0.328611
0 0.226750
0 0.234942
0 0.328586
0 0.305495
0 0.316642
0 0.290003
0 0.299552
0 0.264530
0 0.244657
0 0.184789
0 0.195215
0 0.197280
0 0.294092
0 0.242475
0 0.215633
0 0.220398
0 0.209273
0 0.195241
0 0.214738
0 0.215912
0 0.231535
0 0.238413
0 0.278619
0 0.296387
0 0.203799
0 0.283649
0 0.257155
0 0.249614
0 0.273391
1 0.252351
1 0.266877
1 0.324462
1 0.225813
1 0.177242
1 0.203137
1 0.222634
1 0.186920
1 0.202599
1 0.210707
1 0.262094
1 0.997847
1 0.993410
1 0.995523
1 0.998255
1 0.998410
1 0.948754
1 0.998316
1 0.938385
1 0.990479
1 0.992434
1 0.447769
1 0.578315
1 0.628979
1 0.569350
1 0.379354
1 0.567220
1 0.369406
1 0.506491
1 0.522981
1 0.629775
1 0.802390
1 0.937509
1 0.806364
1 0.955136
1 0.944217
1 0.980460
1 0.697515
1 0.858617
1 0.817310
1 0.893822
0 0.103684
0 0.287878
0 0.258021
0 0.236511
0 0.273130
0 0.384657
0 0.625106
0 0.418800
0 0.742234
0 0.445255
0 0.224433
0 0.485945
0 0.297903
0 0.364766
0 0.374324
0 0.553583
0 0.293727
0 0.281524
0 0.445501
0 0.497533
0 0.263650
0 0.309053
0 0.198567
0 0.362259
0 0.283586
0 0.142570
0 0.488703
0 0.250296
0 0.399838
0 0.180879
1 0.499864
1 0.121138
1 0.170250
1 0.169402
1 0.154777
1 0.220691
1 0.134812
1 0.126408
1 0.181315
1 0.164193
1 0.110301
1 0.176529
1 0.168122
1 0.313546
1 0.270808
1 0.385247
1 0.316038
1 0.380807
1 0.265348
1 0.170733
1 0.314880
1 0.552984
1 0.400329
1 0.772629
1 0.659502
1 0.854083
1 0.744513
1 0.603155
1 0.330644
1 0.574896
1 0.905848
1 0.912164
1 0.744256
1 0.888030
1 0.904361
1 0.241267
1 0.902890
1 0.637166
1 0.405268
1 0.829377
0 0.200581
0 0.701440
0 0.423887
0 0.323429
0 0.530162
0 0.564657
0 0.382027
0 0.397445
0 0.281093
0 0.404722
0 0.296031
0 0.407748
0 0.752392
0 0.348098
0 0.756198
0 0.604140
0 0.331252
0 0.724369
0 0.439523
0 0.683190
0 0.329390
0 0.277045
0 0.411898
0 0.268042
0 0.338517
0 0.585665
0 0.612333
0 0.572070
0 0.291411
0 0.329935
0 0.510442
1 0.995912
1 0.963065
1 0.930946
1 0.978818
1 0.837729
1 0.992695
1 0.973079
1 0.860470
1 0.997659
1 0.996067
0 0.412597
0 0.259375
0 0.358830
0 0.295698
0 0.335586
0 0.527202
0 0.705386
0 0.569955
0 0.586659
0 0.340244
1 0.979108
1 0.983175
1 0.987506
1 0.976522
1 0.995240
1 0.992149
1 0.986395
1 0.996756
1 0.985199
1 0.974898
1 0.418228
1 0.914872
1 0.949735
1 0.475038
1 0.861340
1 0.422568
1 0.549047
1 0.858646
1 0.662730
1 0.341418
1 0.972931
1 0.774451
1 0.595233
1 0.677706
1 0.893860
1 0.519065
1 0.737269
1 0.611975
1 0.885986
1 0.721250
0 0.078214
0 0.200623
0 0.139948
0 0.115818
0 0.217549
0 0.143528
0 0.148646
0 0.151268
0 0.143978
0 0.168330
0 0.179763
0 0.167490
0 0.185162
0 0.231397
0 0.232881
0 0.160065
0 0.197165
0 0.183425
0 0.204332
0 0.141060
0 0.182998
0 0.324243
0 0.387553
0 0.127005
0 0.297186
0 0.383950
0 0.191819
0 0.270813
0 0.247719
0 0.141901
0 0.214267
0 0.263785
0 0.224814
0 0.221211
0 0.190614
0 0.204819
0 0.092257
0 0.367672
0 0.171692
0 0.266051
0 0.185882
0 0.233564
0 0.247237
0 0.155350
0 0.155243
0 0.125229
0 0.279840
0 0.220464
0 0.343800
1 0.308327
1 0.889023
1 0.459329
1 0.220302
1 0.657919
1 0.211401
1 0.192239
1 0.534910
1 0.332444
1 0.199401
0 0.171921
0 0.163111
0 0.322207
0 0.186601
0 0.126712
0 0.134550
0 0.208363
0 0.178086
0 0.322376
0 0.168476
0 0.145635
0 0.167646
0 0.423329
0 0.572611
0 0.328420
0 0.188554
0 0.242262
0 0.263466
0 0.158594
0 0.166340
0 0.297784
0 0.231875
0 0.288350
0 0.279648
0 0.232882
0 0.268998
0 0.278743
0 0.244238
0 0.269443
0 0.272870
0 0.228223
0 0.268950
0 0.275375
0 0.206246
0 0.275687
0 0.237053
0 0.219438
0 0.261798
0 0.255502
0 0.244826
0 0.284506
0 0.340196
0 0.341369
0 0.299731
0 0.365889
0 0.294894
0 0.268013
0 0.269364
0 0.313356
0 0.323335
0 0.314470
0 0.363924
0 0.362782
0 0.275123
0 0.310515
0 0.339276
0 0.375242
0 0.297513
0 0.263176
0 0.298959
0 0.313902
0 0.338937
0 0.285045
0 0.399019
0 0.299015
0 0.266284
0 0.290579
0 0.322523
0 0.279002
1 0.422912
1 0.411408
1 0.367265
0 0.255108
0 0.298319
0 0.278503
0 0.328393
0 0.321063
0 0.352155
0 0.299631
0 0.352195
0 0.315810
0 0.320534
1 0.886667
1 0.913646
1 0.942781
1 0.976170
1 0.788226
1 0.858349
1 0.942069
1 0.951716
1 0.811979
1 0.977685
0 0.091493
0 0.187960
0 0.104817
0 0.116075
0 0.207054
0 0.248422
0 0.129364
0 0.104092
0 0.126317
0 0.208171
0 0.120748
0 0.208119
0 0.198840
0 0.144074
0 0.183775
0 0.174719
0 0.205550
0 0.194961
0 0.156773
0 0.148443
0 0.214916
0 0.166954
0 0.119431
0 0.172123
0 0.150911
0 0.127140
0 0.107850
0 0.118325
0 0.204020
0 0.237492
0 0.242351
0 0.154597
0 0.208089
0 0.258639
0 0.182069
0 0.278356
0 0.257003
0 0.252754
0 0.211901
1 0.444032
1 0.464428
1 0.427782
1 0.412011
1 0.300099
1 0.382898
1 0.294168
1 0.370958
1 0.418617
1 0.398563
0 0.156148
0 0.218010
0 0.160753
0 0.177526
0 0.200871
0 0.216013
0 0.160427
0 0.141311
0 0.173336
0 0.222060
1 0.473745
1 0.862399
1 0.336860
1 0.855944
1 0.390966
1 0.276829
1 0.362981
1 0.222339
1 0.855694
1 0.745749
1 0.403160
1 0.639324
1 0.549807
1 0.492322
1 0.866270
1 0.755590
1 0.466883
1 0.578481
1 0.539499
1 0.597489
0 0.334429
1 0.994325
1 0.995414
1 0.997757
1 0.994234
1 0.994475
1 0.991913
1 0.961603
1 0.994654
1 0.994601
1 0.983660
1 0.993529
1 0.956765
1 0.995273
1 0.977066
1 0.994152
1 0.975369
1 0.996258
1 0.994646
1 0.995966
1 0.997258
1 0.894686
1 0.707591
1 0.909383
1 0.944258
1 0.762659
1 0.746389
1 0.645924
1 0.938869
1 0.775965
1 0.933829
1 0.713001
1 0.902692
1 0.642452
1 0.740126
1 0.660500
1 0.768620
1 0.668948
1 0.708363
1 0.871209
1 0.837703
1 0.839542
1 0.975967
1 0.833320
1 0.692425
1 0.837631
1 0.982773
1 0.791834
1 0.948622
1 0.882253
1 0.792165
1 0.984009
1 0.985852
1 0.580379
1 0.987066
1 0.596388
1 0.637731
1 0.997355
1 0.998593
1 0.949608
1 0.986391
1 0.800149
1 0.799803
1 0.957135
1 0.918253
1 0.986039
1 0.842805
1 0.815037
1 0.947566
1 0.935017
1 0.808046
1 0.789627
1 0.954676
0 0.930379
0 0.985226
0 0.885772
0 0.807588
0 0.092030
0 0.143415
0 0.124321
0 0.157158
0 0.120166
0 0.218256
0 0.170380
0 0.370044
0 0.134261
0 0.221176
0 0.125275
0 0.122399
0 0.209920
0 0.168896
0 0.220934
0 0.125456
0 0.113309
0 0.173574
0 0.201058
0 0.236522
0 0.166257
0 0.166280
0 0.139736
0 0.188182
0 0.112607
0 0.127548
0 0.169504
0 0.182277
0 0.184851
0 0.184851
0 0.145314
0 0.307402
0 0.166735
0 0.128183
0 0.198930
0 0.481297
0 0.160655
0 0.182833
0 0.223721
0 0.189849
0 0.201868
0 0.425811
0 0.290063
0 0.182973
0 0.279595
0 0.483146
0 0.283347
0 0.250996
0 0.179509
0 0.139504
0 0.190417
0 0.345491
0 0.179164
0 0.598277
0 0.477596
0 0.469885
0 0.364573
0 0.489750
0 0.295889
1 0.279958
1 0.121284
1 0.173716
1 0.155139
1 0.139991
1 0.151296
1 0.177535
1 0.505646
1 0.190088
1 0.384539
1 0.317490
1 0.325301
1 0.471182
1 0.405353
1 0.266291
1 0.371549
1 0.304856
1 0.250777
1 0.238761
1 0.414055
0 0.190626
0 0.568945
0 0.732926
0 0.246662
0 0.392611
0 0.686389
0 0.522092
0 0.524395
0 0.431068
0 0.527951
0 0.310776
0 0.183659
1 0.603440
0 0.230477
0 0.357087
0 0.353705
0 0.197792
0 0.185951
1 0.648056
0 0.771608
0 0.738832
0 0.788137
0 0.634650
0 0.438874
0 0.658516
0 0.404544
0 0.610651
0 0.582395
0 0.679317
0 0.529159
0 0.320297
0 0.251468
0 0.245792
0 0.488692
0 0.365247
0 0.483257
1 0.692535
1 0.739300
0 0.487428
0 0.449765
0 0.180241
1 0.877900
1 0.805193
1 0.935494
1 0.974673
1 0.934608
1 0.930891
1 0.985927
1 0.456774
1 0.867678
1 0.898061
1 0.971903
1 0.921700
1 0.832590
1 0.750833
1 0.934428
1 0.970941
1 0.951607
1 0.964693
1 0.951163
1 0.883038
1 0.951132
1 0.798565
0 0.287953
0 0.484493
0 0.413625
0 0.331495
0 0.380052
0 0.535647
0 0.342523
0 0.631062
0 0.429985
0 0.435579
0 0.505748
0 0.389389
0 0.609358
0 0.580213
0 0.485899
0 0.485437
0 0.467471
0 0.435908
0 0.275947
0 0.579363
0 0.441367
0 0.516342
0 0.409397
0 0.286192
0 0.654959
0 0.635214
0 0.409325
0 0.458642
0 0.400448
0 0.525446
0 0.428869
0 0.811145
0 0.436440
0 0.685158
0 0.650849
0 0.898714
0 0.568352
0 0.442612
0 0.706683
0 0.480522
0 0.434678
1 0.899731
1 0.448511
1 0.492407
1 0.930131
1 0.790218
1 0.456411
1 0.407765
1 0.922636
1 0.509035
1 0.634806
1 0.983192
1 0.920352
1 0.988993
1 0.988059
1 0.998687
1 0.994157
1 0.994048
1 0.972146
1 0.820647
1 0.998327
0 0.623820
0 0.757095
0 0.458794
0 0.602139
0 0.703273
1 0.982811
0 0.781506
0 0.830430
0 0.800000
1 0.990501
0 0.108016
0 0.165125
0 0.236006
0 0.170057
0 0.180161
0 0.247204
0 0.256777
0 0.186164
0 0.148871
0 0.209388
0 0.257124
0 0.229987
0 0.215161
0 0.189591
0 0.212727
0 0.238324
0 0.312610
0 0.205813
0 0.206225
0 0.308229
0 0.220278
0 0.155222
0 0.199037
0 0.238211
0 0.165340
0 0.220430
0 0.227659
0 0.156389
0 0.225317
0 0.140699
0 0.193869
0 0.144515
0 0.180475
0 0.192446
0 0.122038
0 0.137149
0 0.200963
0 0.167072
0 0.194067
0 0.196874
0 0.214022
1 0.487992
1 0.264261
1 0.338100
1 0.318684
1 0.217584
1 0.260677
1 0.453893
1 0.380577
1 0.303715
1 0.252154
1 0.232507
1 0.197174
1 0.185529
1 0.244367
1 0.286597
1 0.292330
1 0.177522
1 0.253123
1 0.207089
1 0.258547
1 0.397065
1 0.288843
1 0.480331
1 0.353047
1 0.237864
1 0.314395
1 0.300534
1 0.234028
1 0.439471
1 0.233815
0 0.126261
0 0.098794
0 0.111845
0 0.136743
0 0.121750
0 0.153744
0 0.110684
0 0.209630
0 0.133413
0 0.172968
0 0.095109
0 0.185703
0 0.088359
0 0.088433
0 0.125921
0 0.134081
0 0.116804
0 0.106403
0 0.106814
0 0.162426
0 0.105909
0 0.109500
0 0.090900
0 0.125452
0 0.145966
0 0.112002
0 0.059971
0 0.066053
0 0.096830
0 0.068337
0 0.081478
0 0.118552
0 0.124293
0 0.172812
0 0.101166
0 0.114172
0 0.120059
0 0.175860
0 0.173095
0 0.160513
0 0.111417
0 0.139463
0 0.175716
0 0.114599
0 0.106096
0 0.118023
0 0.154363
0 0.126544
0 0.181837
0 0.105116
0 0.124062
1 0.125888
1 0.103140
1 0.086835
1 0.089652
1 0.097836
1 0.079518
1 0.109708
1 0.682836
1 0.691299
1 0.683261
1 0.728056
1 0.812137
1 0.816783
1 0.835112
1 0.664936
1 0.849269
1 0.836820
1 0.999969
1 0.999999
1 0.999999
1 0.999999
1 0.999999
1 0.999994
1 0.999970
1 0.999974
1 0.999997
1 0.999996
1 0.998043
1 0.998120
1 0.991573
1 0.997969
1 0.999899
1 0.999467
1 0.956542
1 0.994940
1 0.966617
1 0.994861
0 0.076190
0 0.327640
0 0.465312
0 0.246864
0 0.109781
0 0.504450
0 0.181601
0 0.136710
0 0.123750
0 0.168112
0 0.107986
0 0.134085
0 0.117168
0 0.105404
0 0.110065
0 0.181920
0 0.141685
0 0.154632
0 0.128172
0 0.106161
0 0.201597
0 0.161803
0 0.121152
0 0.150598
0 0.117638
0 0.193584
0 0.134960
0 0.089128
0 0.257931
0 0.312580
0 0.311051
0 0.461985
1 0.993035
1 0.991755
1 0.991248
1 0.999078
1 0.982385
1 0.991243
1 0.993233
1 0.996637
1 0.984150
1 0.992572
1 0.533359
1 0.728252
1 0.494701
1 0.501272
1 0.338758
1 0.335870
1 0.462380
1 0.747910
1 0.408732
1 0.428139
0 0.094603
0 0.187576
0 0.140825
0 0.152016
0 0.151347
0 0.138708
0 0.160183
0 0.177552
0 0.175969
0 0.139990
0 0.209586
0 0.142425
0 0.177685
0 0.184081
0 0.177904
0 0.146556
0 0.128689
0 0.137631
0 0.146401
0 0.164641
0 0.151652
0 0.165466
0 0.162727
0 0.340616
0 0.209295
0 0.180112
0 0.214226
0 0.212831
0 0.181799
0 0.135530
0 0.168624
1 0.996732
1 0.975423
1 0.997332
1 0.998983
1 0.999192
1 0.999265
1 0.982722
1 0.956752
1 0.999421
1 0.997049
1 0.379301
1 0.428988
1 0.353333
1 0.262695
1 0.450475
1 0.452188
1 0.582970
1 0.273054
1 0.541293
1 0.673316
0 0.142038
0 0.272223
0 0.171509
0 0.177414
0 0.159266
0 0.164218
0 0.130232
0 0.151805
0 0.138264
0 0.214242
1 0.999999
1 0.999441
1 0.999935
1 0.999990
1 0.999996
1 0.999995
1 0.999096
1 0.999898
1 0.999991
1 0.999819
1 0.996454
1 0.992306
1 0.996944
1 0.992556
1 0.990162
1 0.988502
1 0.993419
1 0.985121
1 0.998897
1 0.997637
0 0.175962
0 0.437244
0 0.400141
0 0.377119
0 0.385981
0 0.267044
0 0.343535
0 0.366428
0 0.353221
0 0.318313
0 0.285761
0 0.440160
0 0.223570
0 0.307979
0 0.409432
0 0.399400
0 0.352192
0 0.409623
0 0.406315
0 0.311365
0 0.330753
0 0.412925
0 0.564227
0 0.323876
0 0.384355
1 0.498423
1 0.618544
1 0.564655
1 0.372582
1 0.448819
1 0.406906
1 0.566719
1 0.688852
1 0.552205
1 0.298413
1 0.999195
1 0.990096
1 0.997306
1 0.987278
1 0.977490
1 0.997463
1 0.998089
1 0.881854
1 0.993049
1 0.941027
1 0.645623
1 0.721618
1 0.455891
1 0.415101
1 0.668689
1 0.566128
1 0.491034
1 0.627634
1 0.643994
1 0.701194
1 0.934713
1 0.710755
1 0.894910
1 0.885013
1 0.910023
1 0.924265
1 0.907192
1 0.950292
1 0.836962
1 0.708955
1 0.661230
1 0.640996
1 0.511282
1 0.766360
1 0.957711
1 0.658274
1 0.940494
1 0.573106
1 0.629015
1 0.531924
0 0.151321
0 0.429920
0 0.357843
0 0.255943
0 0.324105
0 0.250124
0 0.304073
0 0.351161
0 0.340033
0 0.247440
0 0.339431
0 0.314748
0 0.421424
0 0.256666
0 0.319375
0 0.296679
0 0.279874
0 0.331871
0 0.289695
0 0.312598
0 0.333173
0 0.288285
0 0.314224
0 0.330432
0 0.362251
0 0.334941
0 0.359327
0 0.247579
0 0.368645
0 0.290727
0 0.290005
0 0.309472
0 0.320759
0 0.233040
0 0.307676
0 0.209142
0 0.179391
0 0.320289
0 0.307041
0 0.230405
0 0.364542
1 0.701745
1 0.353239
1 0.465737
1 0.609626
1 0.450219
1 0.664948
1 0.479906
1 0.440721
1 0.317913
1 0.819435
1 0.442861
1 0.287815
1 0.266356
1 0.861576
1 0.384995
1 0.403330
1 0.308790
1 0.421104
1 0.931681
1 0.990709
1 0.984094
1 0.912232
1 0.984487
1 0.987388
1 0.934898
1 0.934898
1 0.925198
1 0.949462
0 0.195517
1 0.999685
1 0.998396
1 0.994687
1 0.979087
1 0.999903
0 0.982744
0 0.979629
0 0.956807
0 0.866065
0 0.968455
0 0.899546
0 0.838585
0 0.925076
0 0.932454
0 0.851292
0 0.628013
0 0.858981
0 0.554623
0 0.488578
0 0.952126
0 0.431044
0 0.447410
0 0.938884
1 0.845889
1 0.580725
1 0.439765
1 0.710683
1 0.738840
1 0.821605
1 0.807491
1 0.897316
1 0.589607
1 0.748825
0 0.595759
0 0.231483
1 0.999711
1 0.999757
1 0.999825
1 0.999953
1 0.999351
1 0.999948
1 0.999940
1 0.999961
1 0.997547
1 0.999837
1 0.999722
1 0.998640
1 0.999940
1 0.999087
1 0.999273
1 0.998544
1 0.999998
1 0.999318
1 0.999644
1 0.999818
0 0.054395
0 0.084950
0 0.086643
0 0.067581
0 0.076683
0 0.071741
0 0.094631
0 0.076514
0 0.084185
0 0.066369
0 0.073929
0 0.073556
0 0.072302
0 0.110116
0 0.071217
0 0.078134
0 0.074239
0 0.068571
0 0.077853
0 0.069041
0 0.090953
0 0.082348
0 0.095288
0 0.102729
0 0.077030
0 0.070653
0 0.104999
0 0.084153
0 0.112547
0 0.090340
0 0.053535
0 0.064864
0 0.099825
0 0.066955
0 0.059337
0 0.078493
0 0.100532
0 0.095126
0 0.065039
0 0.071009
0 0.067821
1 0.999708
1 0.999690
1 0.999765
1 0.999845
1 0.999817
1 0.998744
1 0.999888
1 0.999841
1 0.999674
1 0.999839
1 0.999357
1 0.998462
1 0.999221
1 0.999302
1 0.999374
1 0.998855
1 0.995339
1 0.999598
1 0.998544
1 0.998828
1 0.989849
1 0.962634
1 0.995973
1 0.999737
1 0.993543
1 0.982850
1 0.990893
1 0.987121
1 0.983934
1 0.991898
1 0.990148
1 0.994456
1 0.990280
1 0.991022
1 0.993612
1 0.993783
1 0.993132
1 0.831315
1 0.997040
1 0.990083
0 0.241812
0 0.260032
0 0.251708
0 0.272787
0 0.298785
0 0.307615
0 0.262141
0 0.303875
0 0.295162
0 0.267082
0 0.265979
0 0.291711
0 0.264601
0 0.353220
0 0.322276
0 0.330390
0 0.275741
0 0.296345
0 0.322215
0 0.303142
0 0.248141
0 0.313767
0 0.279161
0 0.339899
0 0.368603
0 0.336455
0 0.334016
0 0.376754
0 0.256976
0 0.218178
0 0.214883
0 0.280503
0 0.225846
0 0.237716
0 0.230726
0 0.245150
0 0.279615
0 0.250363
0 0.201459
0 0.189534
0 0.259715
0 0.220847
0 0.188424
0 0.246161
0 0.207715
0 0.210513
0 0.266604
0 0.203281
0 0.203308
0 0.280898
0 0.259952
0 0.278819
0 0.270449
0 0.245508
0 0.282688
0 0.280883
0 0.287041
0 0.270605
0 0.290247
0 0.236073
0 0.285961
0 0.251876
0 0.261824
0 0.295184
0 0.232510
0 0.269179
0 0.272877
0 0.210544
0 0.308308
1 0.918325
1 0.581056
1 0.649435
1 0.843195
1 0.946665
1 0.862762
1 0.500119
1 0.913175
1 0.809090
1 0.931603
0 0.267672
0 0.854604
0 0.956459
0 0.576714
0 0.715930
0 0.795996
0 0.504443
0 0.528336
0 0.405943
0 0.791319
0 0.746176
0 0.611593
0 0.901260
0 0.800205
0 0.578095
0 0.506360
0 0.484516
0 0.423728
0 0.659148
0 0.553694
0 0.435005
0 0.403128
0 0.558135
0 0.632809
0 0.626227
0 0.818568
0 0.583122
0 0.515458
0 0.469723
0 0.649808
0 0.398162
0 0.312738
0 0.698511
0 0.487996
0 0.477956
0 0.386544
0 0.645854
0 0.354531
0 0.486530
0 0.803580
0 0.611662
1 0.993646
0 0.487951
0 0.636849
0 0.723843
0 0.793480
0 0.452916
1 0.961151
1 0.949515
0 0.661645
1 0.725885
1 0.954724
1 0.741924
1 0.771274
1 0.587066
1 0.865021
1 0.943092
1 0.697253
1 0.637686
1 0.778378
1 0.883955
1 0.889890
1 0.735202
1 0.959279
1 0.846341
1 0.929381
1 0.943893
1 0.776109
1 0.957105
1 0.945571
1 0.655994
1 0.876529
1 0.478999
1 0.801392
1 0.606458
1 0.800743
1 0.665693
1 0.476834
1 0.408478
1 0.892673
0 0.154844
0 0.203846
0 0.197486
0 0.198890
0 0.185721
0 0.209419
0 0.182712
0 0.195145
0 0.204116
0 0.189723
0 0.164023
0 0.188906
0 0.200897
0 0.203729
0 0.192502
0 0.199396
0 0.220257
0 0.237086
0 0.181906
0 0.176953
0 0.186663
0 0.186791
0 0.224307
0 0.234208
0 0.194382
0 0.221801
0 0.201713
0 0.205892
0 0.162767
0 0.198954
0 0.198612
0 0.184026
0 0.195758
0 0.204945
0 0.206882
0 0.212296
0 0.208862
0 0.189403
0 0.207879
0 0.201971
0 0.191534
1 0.815157
1 0.817380
1 0.943247
1 0.792580
1 0.859979
1 0.899006
1 0.977427
1 0.915474
1 0.832150
1 0.852431
1 0.390002
1 0.304106
1 0.331450
1 0.305609
1 0.235487
1 0.282263
1 0.279440
1 0.299262
1 0.405423
1 0.261098
1 0.269527
1 0.243689
1 0.326648
1 0.412162
1 0.325244
1 0.362234
1 0.289531
1 0.380587
1 0.324066
1 0.302579
1 0.271704
1 0.381788
1 0.419648
1 0.293287
1 0.333915
0 0.288851
1 0.877117
1 0.753488
1 0.932871
1 0.841963
1 0.953666
1 0.981949
1 0.884458
1 0.969306
1 0.968801
1 0.956024
0 0.295374
0 0.342086
0 0.401394
0 0.243887
0 0.345358
0 0.333066
0 0.335702
0 0.349928
0 0.334155
0 0.407749
0 0.462254
0 0.304003
0 0.291132
0 0.322013
0 0.287860
0 0.348908
0 0.411982
0 0.337315
0 0.367771
0 0.313489
0 0.323602
0 0.480004
0 0.558672
0 0.537299
0 0.472729
0 0.472723
0 0.387422
0 0.331099
0 0.333717
0 0.477571
1 0.960294
1 0.950876
1 0.878488
1 0.897080
1 0.966696
1 0.887886
1 0.968453
1 0.935490
1 0.743043
1 0.813799
1 0.679930
1 0.882586
1 0.931679
1 0.971526
1 0.969551
1 0.943810
1 0.959487
1 0.800003
1 0.856971
1 0.971405
1 0.970928
1 0.937215
1 0.925549
1 0.972136
1 0.973238
1 0.459094
1 0.565619
1 0.436641
1 0.970249
1 0.970834
1 0.967092
0 0.467775
1 0.997528
1 0.997064
1 0.978783
1 0.997217
1 0.999696
1 0.992248
1 0.998987
1 0.998460
1 0.997243
1 0.951451
1 0.958436
1 0.936415
1 0.713852
1 0.996920
1 0.966313
1 0.992138
1 0.985411
1 0.990767
1 0.960041
0 0.914936
0 0.763073
1 0.419764
1 0.966570
1 0.994729
1 0.960855
1 0.995797
1 0.859207
1 0.923812
1 0.998584
1 0.990430
1 0.998379
1 0.998084
1 0.987815
1 0.918978
1 0.988718
1 0.962119
1 0.999061
1 0.968967
1 0.931470
1 0.988207
1 0.919902
1 0.997290
1 0.997301
1 0.994264
1 0.989426
1 0.994827
1 0.999322
1 0.999329
1 0.999572
1 0.997108
1 0.998029
1 0.974803
1 0.997668
1 0.992920
1 0.992755
1 0.975830
1 0.962514
1 0.798373
1 0.979835
1 0.529071
1 0.521102
1 0.994418
0 0.133912
0 0.210369
0 0.409530
0 0.245180
0 0.897599
0 0.292790
0 0.241912
0 0.179831
0 0.452516
0 0.322008
0 0.503925
0 0.874929
0 0.501808
0 0.406467
0 0.615030
0 0.631929
0 0.937912
0 0.553738
0 0.350165
0 0.508013
0 0.620492
0 0.781767
0 0.342725
0 0.362165
0 0.635577
0 0.419660
1 0.999231
1 0.999985
1 0.999960
1 0.998845
1 0.996720
1 0.999206
1 0.997852
1 0.995445
1 0.997548
1 0.998250
1 0.999744
1 0.999951
1 0.998747
1 0.999953
1 0.999928
1 0.997818
1 0.999234
1 0.999222
1 0.999462
1 0.999618
1 0.999915
1 0.999386
1 0.999948
1 0.999902
1 0.999842
1 0.999975
1 0.999884
1 0.999989
1 0.999859
1 0.999930
1 0.998839
1 0.966191
1 0.999448
1 0.999634
1 0.990519
1 0.996760
1 0.968475
1 0.989397
1 0.978997
1 0.958003
1 0.999883
1 0.999399
1 0.998677
1 0.999364
1 0.999684
1 0.999003
1 0.999315
1 0.999732
1 0.999169
1 0.998276
0 0.137530
0 0.264263
0 0.240535
0 0.265591
0 0.379679
0 0.221456
0 0.303423
0 0.269799
0 0.255142
0 0.241849
0 0.244913
0 0.263530
0 0.285502
0 0.208319
0 0.264452
0 0.212150
0 0.210824
0 0.266277
0 0.275846
0 0.208181
0 0.249604
0 0.273354
0 0.219382
0 0.219537
0 0.310986
0 0.229826
0 0.211693
0 0.254506
0 0.286532
0 0.213533
0 0.368530
0 0.228590
0 0.401358
0 0.372666
0 0.264902
0 0.342139
0 0.277965
0 0.193399
0 0.335641
0 0.168543
1 0.671443
1 0.775693
1 0.729271
1 0.534592
1 0.799562
1 0.916970
1 0.825707
1 0.828329
1 0.827017
1 0.501057
1 0.229587
1 0.224024
1 0.286165
1 0.360724
1 0.395579
1 0.217632
1 0.492619
1 0.358933
1 0.318031
1 0.992464
1 0.502635
1 0.992543
1 0.924239
1 0.952248
1 0.832030
1 0.977410
1 0.934767
1 0.881211
1 0.766235
1 0.202786
1 0.599036
1 0.385962
1 0.533901
1 0.543784
1 0.269681
1 0.418049
1 0.375742
1 0.544781
1 0.573611
0 0.120263
0 0.182443
0 0.171737
0 0.175573
0 0.148408
0 0.207336
0 0.217634
0 0.264149
0 0.161447
0 0.142390
0 0.141302
0 0.136951
0 0.153406
0 0.137033
0 0.179106
0 0.183810
0 0.210335
0 0.139371
0 0.113876
0 0.158386
0 0.170617
0 0.194017
0 0.245765
0 0.277767
0 0.207601
0 0.159161
0 0.216472
0 0.153463
0 0.152783
0 0.246829
0 0.303523
0 0.184672
0 0.153130
0 0.193264
0 0.341798
0 0.140992
0 0.194269
0 0.234353
0 0.184088
0 0.114391
0 0.196904
1 0.990789
1 0.975695
1 0.995997
1 0.828684
1 0.980363
1 0.982153
1 0.997244
1 0.977961
1 0.987675
1 0.994076
1 0.214190
1 0.284494
1 0.178984
1 0.193493
1 0.197989
1 0.222392
1 0.291301
1 0.244422
1 0.218261
1 0.176905
1 0.708481
1 0.282272
1 0.620873
1 0.317569
1 0.723708
1 0.675320
1 0.367190
1 0.230771
1 0.343958
1 0.634602
0 0.170781
0 0.249352
0 0.254662
0 0.243070
0 0.240269
0 0.292847
0 0.202188
0 0.319176
0 0.245054
0 0.285947
0 0.276242
0 0.222501
0 0.306410
0 0.229463
0 0.265754
0 0.291368
0 0.195977
0 0.270073
0 0.257009
0 0.218716
0 0.341475
0 0.257207
0 0.338784
0 0.204487
0 0.256189
0 0.264722
0 0.229435
0 0.222002
0 0.244051
0 0.275218
0 0.263580
0 0.173057
0 0.223416
0 0.210038
0 0.221838
0 0.207131
0 0.199997
0 0.268931
0 0.172493
0 0.262330
0 0.182191
1 0.633029
1 0.816628
1 0.779953
1 0.581214
1 0.794615
1 0.689587
1 0.839017
1 0.699870
1 0.514169
1 0.993384
1 0.895726
1 0.930532
1 0.996235
1 0.775105
1 0.856245
1 0.958759
1 0.962746
1 0.930549
1 0.992871
1 0.941818
1 0.695877
1 0.634089
1 0.719080
1 0.673741
1 0.912965
1 0.989513
1 0.853637
1 0.917791
1 0.819185
1 0.989532
1 0.722144
1 0.889212
1 0.864670
1 0.766027
1 0.763248
1 0.904783
1 0.815185
1 0.883973
1 0.743745
1 0.934250
0 0.542511
0 0.940227
0 0.680116
0 0.738241
0 0.627318
0 0.806759
0 0.612445
0 0.827843
0 0.792210
0 0.653733
0 0.848033
0 0.949268
0 0.906123
0 0.920851
0 0.950111
0 0.864455
0 0.895820
0 0.930724
0 0.868518
0 0.892439
0 0.877707
0 0.927450
0 0.870208
0 0.897623
0 0.892523
1 0.994278
1 0.972188
1 0.802872
1 0.958213
1 0.985965
1 0.903853
1 0.980054
0 0.098269
0 0.164747
0 0.201690
0 0.144860
0 0.140242
0 0.193972
0 0.218836
0 0.155073
0 0.128473
0 0.164342
0 0.187330
0 0.146662
0 0.160015
0 0.181076
0 0.169421
0 0.217779
0 0.147984
0 0.172489
0 0.155046
0 0.158505
0 0.140335
0 0.155083
0 0.153688
0 0.179855
0 0.166597
0 0.162437
0 0.160464
0 0.176830
0 0.173108
0 0.157261
0 0.174513
0 0.117047
0 0.130401
0 0.120187
0 0.129702
0 0.159100
0 0.152824
0 0.168613
0 0.139426
0 0.138208
0 0.153896
1 0.887214
1 0.484471
1 0.520116
1 0.366139
1 0.479674
1 0.335360
1 0.335467
1 0.519536
1 0.444701
1 0.689358
1 0.129431
1 0.183098
1 0.177700
1 0.129749
1 0.120612
1 0.195771
1 0.195670
1 0.181070
1 0.140303
1 0.171469
1 0.997500
1 0.998571
1 0.863418
1 0.998075
1 0.998481
1 0.998514
1 0.874130
1 0.965324
1 0.997580
1 0.997305
1 0.369001
1 0.305571
1 0.259694
1 0.399281
1 0.343023
1 0.359485
1 0.293564
1 0.338100
1 0.212202
1 0.379411
0 0.129540
0 0.165516
0 0.142822
0 0.189818
0 0.209040
0 0.104406
0 0.173012
0 0.122826
0 0.173492
0 0.163407
0 0.145713
0 0.167303
0 0.160612
0 0.173853
0 0.175667
0 0.121074
0 0.176476
0 0.127063
0 0.162533
0 0.129400
0 0.193077
0 0.167273
0 0.235444
0 0.184818
0 0.178828
0 0.173689
0 0.173386
0 0.123497
0 0.199162
0 0.231158
0 0.280404
0 0.151855
0 0.212155
0 0.194322
0 0.144813
0 0.103578
0 0.133061
0 0.186830
0 0.168094
0 0.205634
0 0.157712
1 0.556600
1 0.678236
1 0.741701
1 0.581548
1 0.497867
1 0.863269
1 0.470008
1 0.708267
1 0.414724
1 0.454651
1 0.584827
1 0.410239
1 0.406901
1 0.384756
1 0.332816
1 0.642912
1 0.920580
1 0.806895
1 0.379380
1 0.566469
1 0.625739
1 0.615338
0 0.169647
0 0.266937
0 0.326417
0 0.214412
0 0.367231
0 0.311748
0 0.318916
0 0.191959
0 0.289403
0 0.236629
0 0.218570
0 0.518835
0 0.342336
0 0.335226
0 0.348838
0 0.392442
0 0.305544
0 0.468710
0 0.466066
0 0.622193
0 0.423890
0 0.213065
0 0.223612
0 0.252329
0 0.240087
0 0.255813
0 0.257408
0 0.371749
0 0.263602
0 0.413610
0 0.232639
0 0.291523
0 0.251938
0 0.279059
0 0.313405
0 0.393596
0 0.366494
0 0.262634
0 0.256298
0 0.235948
0 0.278424
1 0.488062
1 0.863714
1 0.699341
1 0.481446
1 0.717513
1 0.889460
1 0.653678
1 0.686892
1 0.713434
1 0.940208
1 0.904602
1 0.559390
1 0.818606
1 0.848562
1 0.570017
1 0.902921
1 0.910344
1 0.809033
1 0.741781
1 0.615977
1 0.616851
1 0.463631
1 0.791640
1 0.596447
1 0.948639
1 0.404902
1 0.396937
1 0.475672
1 0.568375
1 0.377110
1 0.975720
1 0.861325
1 0.926909
1 0.886665
1 0.764313
1 0.792930
1 0.872496
1 0.945798
1 0.978830
1 0.956784
0 0.199154
0 0.319596
0 0.306350
0 0.322072
0 0.264759
0 0.315294
0 0.329056
0 0.369195
0 0.394103
0 0.349079
0 0.346370
0 0.416616
0 0.418797
0 0.322494
0 0.232242
0 0.322311
0 0.274383
0 0.361982
0 0.364768
0 0.365064
0 0.323942
0 0.422324
0 0.294980
0 0.293291
0 0.473459
0 0.440558
0 0.350402
0 0.365180
0 0.411055
0 0.254604
0 0.339653
0 0.339524
0 0.341827
0 0.349961
0 0.284823
0 0.349571
0 0.329218
0 0.255823
0 0.286382
0 0.325107
0 0.335076
1 0.290529
1 0.585008
1 0.598601
1 0.285337
1 0.533860
1 0.475890
1 0.543123
1 0.439644
1 0.494608
1 0.398082
1 0.657959
1 0.632558
1 0.799273
1 0.860164
1 0.894264
1 0.919094
1 0.796043
1 0.599712
1 0.775112
1 0.709750
1 0.956501
1 0.910581
1 0.972172
1 0.967570
1 0.967852
1 0.977407
1 0.985160
1 0.891913
1 0.985409
1 0.895548
1 0.948067
1 0.944359
1 0.965874
1 0.977230
1 0.972678
1 0.952170
1 0.921526
1 0.942925
1 0.961397
1 0.826205
0 0.187956
0 0.455289
1 0.838578
1 0.974626
1 0.924176
1 0.973322
1 0.982734
1 0.975688
1 0.987677
1 0.987471
1 0.871638
1 0.977978
1 0.974429
1 0.987180
1 0.956385
1 0.979786
1 0.987861
1 0.990096
1 0.975198
1 0.988196
1 0.320674
1 0.999639
1 0.994871
1 0.995330
1 0.999814
1 0.988729
1 0.997343
1 0.964948
1 0.999420
1 0.998539
1 0.995546
1 0.955636
1 0.977287
1 0.918757
1 0.986266
1 0.859896
1 0.857217
1 0.860426
1 0.842570
1 0.949273
1 0.919204
1 0.994137
1 0.981976
1 0.987314
1 0.983447
1 0.992671
1 0.997978
1 0.929042
1 0.979822
1 0.971859
1 0.917775
1 0.944608
1 0.782909
1 0.993963
1 0.974610
1 0.586691
1 0.799912
1 0.874963
1 0.935226
1 0.960406
1 0.901287
1 0.878164
1 0.718119
1 0.993592
1 0.995623
1 0.865062
1 0.993896
1 0.998905
1 0.997740
1 0.944240
1 0.999363
0 0.217279
1 0.992503
1 0.975916
1 0.998564
1 0.982149
1 0.896042
1 0.952293
1 0.882716
1 0.994613
1 0.999836
0 0.449550
0 0.481079
0 0.799832
0 0.662739
0 0.711088
0 0.698377
0 0.446334
0 0.770571
1 0.989373
1 0.997098
1 0.998716
1 0.987131
1 0.563770
1 0.993673
1 0.999466
1 0.995854
1 0.994721
1 0.947307
1 0.983451
1 0.995459
1 0.936627
1 0.982673
1 0.990520
1 0.987062
1 0.985505
1 0.981351
1 0.999583
1 0.994928
1 0.966792
1 0.969495
1 0.978569
1 0.999380
1 0.999944
1 0.983482
1 0.986493
1 0.999841
1 0.999995
1 0.999952
1 0.999957
1 0.999996
1 0.999997
1 0.999980
1 0.999966
1 0.999805
1 0.999655
1 0.999997
1 0.439215
1 0.402527
1 0.926740
1 0.990405
1 0.530098
1 0.929858
1 0.954323
1 0.964139
1 0.643144
1 0.989186
1 0.956402
1 0.965536
1 0.877995
1 0.902780
1 0.983965
1 0.997640
1 0.990722
1 0.915028
1 0.972939
1 0.957177
0 0.185568
0 0.343064
0 0.312352
0 0.363683
0 0.324273
0 0.327453
0 0.332000
0 0.366781
0 0.333071
0 0.400493
0 0.279169
0 0.407255
0 0.338947
0 0.327231
0 0.328672
0 0.291877
0 0.428976
0 0.304943
0 0.289197
0 0.318907
0 0.328436
0 0.306743
0 0.323655
0 0.285169
0 0.328862
0 0.339400
0 0.345538
0 0.260594
0 0.309052
0 0.295193
0 0.334817
0 0.382875
0 0.313466
0 0.385550
0 0.365057
0 0.395561
0 0.312330
0 0.373639
0 0.363116
0 0.344387
0 0.406845
0 0.330342
0 0.368625
0 0.343759
0 0.333534
0 0.352483
0 0.324888
0 0.261831
0 0.350091
0 0.324090
0 0.366827
0 0.345531
0 0.412368
0 0.487751
0 0.335902
0 0.343151
0 0.339365
0 0.301183
0 0.379489
0 0.349991
0 0.333509
0 0.368781
0 0.386797
0 0.368850
0 0.384540
0 0.352853
0 0.343009
0 0.335077
0 0.336440
0 0.305075
0 0.419869
0 0.296500
0 0.399063
0 0.415272
0 0.378016
0 0.369563
0 0.141436
0 0.221433
0 0.215407
0 0.238174
0 0.218661
0 0.288065
0 0.242624
0 0.215463
0 0.197790
0 0.229370
0 0.222419
0 0.237863
0 0.253089
0 0.229381
0 0.236758
0 0.271603
0 0.262970
0 0.246562
0 0.248015
0 0.289331
0 0.229140
0 0.292779
0 0.298188
0 0.331509
0 0.314368
0 0.253906
0 0.282526
0 0.264313
0 0.197623
0 0.363500
0 0.290282
0 0.241032
0 0.244812
0 0.253730
0 0.221605
0 0.218941
0 0.284125
0 0.178528
0 0.294863
0 0.247411
0 0.212031
0 0.245101
0 0.228640
0 0.179370
0 0.184794
0 0.198742
0 0.290980
0 0.240726
0 0.225377
0 0.301200
0 0.236336
0 0.203108
0 0.195133
0 0.249648
0 0.227978
0 0.232251
0 0.227470
0 0.224415
0 0.244627
0 0.234047
0 0.207923
0 0.224020
0 0.271766
0 0.202353
0 0.230124
0 0.181829
0 0.227948
0 0.295440
0 0.289031
0 0.191889
0 0.245604
0 0.298383
0 0.239001
0 0.173688
0 0.287520
0 0.239794
0 0.259213
0 0.286333
0 0.236253
0 0.307403
0 0.281635
0 0.083067
0 0.135180
0 0.125631
0 0.120232
0 0.121636
0 0.181609
0 0.094302
0 0.162994
0 0.154507
0 0.139624
0 0.127031
0 0.117147
0 0.106400
0 0.169143
0 0.124182
0 0.141016
0 0.131914
0 0.150565
0 0.125088
0 0.132272
0 0.149512
0 0.110967
0 0.117297
0 0.104952
0 0.101009
0 0.104872
0 0.136821
0 0.098139
0 0.135825
0 0.111444
0 0.112252
0 0.139904
0 0.104315
0 0.118215
0 0.125205
0 0.170376
0 0.146665
0 0.157431
0 0.127158
0 0.142613
0 0.129844
0 0.134138
0 0.149926
0 0.134165
0 0.116419
0 0.134797
0 0.143650
0 0.116866
0 0.146253
0 0.134541
1 0.320469
1 0.683838
1 0.309402
1 0.525171
1 0.326907
1 0.669402
1 0.466190
1 0.224871
1 0.468256
1 0.227453
1 0.184264
1 0.372724
1 0.266016
1 0.303352
1 0.254372
1 0.317549
1 0.326964
1 0.325273
1 0.384741
1 0.256230
1 0.309317
1 0.391769
1 0.211828
1 0.317527
1 0.234013
1 0.241247
1 0.237597
1 0.253488
1 0.359009
1 0.233200
0 0.319664
0 0.712830
0 0.703760
0 0.635955
0 0.486612
0 0.922719
0 0.980746
0 0.890911
0 0.713208
0 0.879632
0 0.635158
0 0.636588
0 0.975160
0 0.809302
0 0.467882
0 0.407396
0 0.951579
0 0.698452
0 0.862827
0 0.594577
0 0.649354
0 0.678416
0 0.926372
0 0.570222
1 0.997339
0 0.960422
1 0.995755
1 0.999395
0 0.994828
0 0.896054
0 0.948173
0 0.951465
0 0.904357
0 0.866156
0 0.868956
0 0.934466
1 1.000000
1 0.999999
1 1.000000
1 0.999999
1 1.000000
1 1.000000
1 1.000000
1 0.999991
1 0.999993
1 1.000000
1 0.988985
1 0.990092
1 0.989153
1 0.972357
1 0.993367
1 0.998001
1 0.998981
1 0.941719
1 0.997521
1 0.958012
1 0.999994
1 0.999992
1 1.000000
1 1.000000
1 1.000000
1 1.000000
1 1.000000
1 1.000000
1 0.999999
1 0.999988
0 0.049139
0 0.148758
0 0.106570
0 0.088150
0 0.125833
0 0.118698
0 0.126990
0 0.102273
0 0.238360
1 0.897529
0 0.241146
0 0.078967
0 0.182509
0 0.210048
0 0.162835
0 0.149424
0 0.101679
0 0.067948
0 0.155706
0 0.167988
0 0.115052
0 0.134509
0 0.177933
0 0.107058
0 0.101704
0 0.145161
0 0.130997
0 0.136507
0 0.109509
0 0.107557
0 0.142181
0 0.139415
0 0.237154
0 0.166530
0 0.157742
0 0.116358
0 0.183311
0 0.171241
1 0.259110
1 0.580484
1 0.310302
1 0.215923
1 0.700112
1 0.377922
1 0.245301
1 0.253380
1 0.398520
1 0.282990
1 0.954008
1 0.941552
1 0.999665
1 0.997882
1 0.698084
1 0.999353
1 0.999839
1 0.979412
1 0.999858
1 0.920147
1 0.473742
1 0.293322
1 0.284302
1 0.334775
1 0.457451
1 0.370439
1 0.525907
1 0.186078
1 0.230728
1 0.203097
0 0.147309
0 0.200663
0 0.136257
0 0.176321
0 0.147829
0 0.224444
0 0.285021
0 0.180943
0 0.163966
0 0.230529
0 0.292917
0 0.342581
0 0.426719
0 0.261570
0 0.258292
0 0.284814
0 0.386004
0 0.202483
0 0.281052
0 0.345439
0 0.281052
0 0.311775
0 0.254931
0 0.282031
0 0.447626
0 0.198460
0 0.410294
0 0.311068
0 0.266903
0 0.217888
0 0.319107
0 0.278769
0 0.366716
0 0.462803
0 0.279498
0 0.314922
0 0.315045
0 0.292181
0 0.403662
0 0.298559
0 0.177958
0 0.184217
0 0.228995
0 0.198908
0 0.224373
0 0.236726
0 0.224373
0 0.266415
0 0.252813
0 0.572895
1 0.200453
1 0.205235
1 0.319007
1 0.254225
1 0.316573
1 0.199148
1 0.280326
1 0.317614
1 0.201333
1 0.206572
1 0.217004
1 0.246095
1 0.215664
1 0.237857
1 0.233058
1 0.229852
1 0.281840
1 0.362903
1 0.258368
1 0.207437
1 0.234661
1 0.228670
1 0.614674
1 0.177256
1 0.278337
0 0.064192
0 0.066445
0 0.103794
0 0.095400
0 0.089811
0 0.109224
0 0.078596
0 0.086239
0 0.096654
0 0.088856
0 0.109583
0 0.081948
0 0.105425
0 0.091438
0 0.073335
0 0.078335
0 0.100947
0 0.079390
0 0.084597
0 0.091522
0 0.082335
0 0.093842
0 0.067387
0 0.108783
0 0.081226
0 0.082794
0 0.095163
0 0.135211
0 0.118105
0 0.094275
0 0.099942
0 0.106389
0 0.102151
0 0.099800
0 0.061732
0 0.100866
0 0.101430
0 0.105135
0 0.083378
0 0.121621
0 0.086414
0 0.131764
1 0.984316
1 0.998956
1 0.997359
1 0.991793
1 0.999665
1 0.995450
1 0.999933
1 0.999623
1 0.998546
1 0.998954
1 0.991828
1 0.996023
1 0.999578
1 0.997628
1 0.997409
1 0.997419
1 0.996316
1 0.999694
1 0.997401
1 0.997952
1 0.933394
1 0.856624
1 0.891905
1 0.912656
1 0.810618
1 0.915631
1 0.911420
1 0.905113
1 0.969289
1 0.899938
