0 0.045959
0 0.078713
0 0.113856
0 0.111353
0 0.132963
0 0.067219
0 0.069979
0 0.076357
0 0.069079
0 0.142303
0 0.091166
0 0.140434
0 0.080382
0 0.074976
0 0.114391
0 0.092443
0 0.062068
0 0.118062
0 0.129500
0 0.108507
0 0.060056
0 0.080571
0 0.088987
0 0.051759
0 0.088487
0 0.150168
0 0.085281
0 0.076093
0 0.099863
0 0.123868
0 0.093708
0 0.055012
0 0.111321
0 0.093458
0 0.114619
0 0.133620
0 0.081587
0 0.133817
0 0.077713
0 0.119231
0 0.118042
1 0.361850
1 0.159492
1 0.375733
1 0.428166
1 0.157833
1 0.429415
1 0.347217
1 0.263645
1 0.236429
1 0.305041
1 0.352080
1 0.513000
1 0.266548
1 0.257991
1 0.430683
1 0.318487
1 0.379424
1 0.319313
1 0.291451
1 0.248327
1 0.605705
1 0.852601
1 0.931906
1 0.851292
1 0.918436
1 0.906068
1 0.677323
1 0.736803
1 0.615089
1 0.608765
1 0.997045
1 0.991069
1 0.990379
1 0.972562
1 0.972035
1 0.925820
1 0.990387
1 0.878224
1 0.910116
1 0.930948
0 0.122701
0 0.476809
0 0.326785
0 0.278185
0 0.345533
0 0.376410
0 0.381441
0 0.373435
0 0.323786
0 0.209156
0 0.289415
0 0.219900
0 0.239151
0 0.237925
0 0.152379
0 0.207156
0 0.326176
0 0.302566
0 0.243480
0 0.300234
0 0.211561
0 0.248303
0 0.154201
0 0.322654
0 0.496259
0 0.152613
0 0.232113
0 0.162636
0 0.257068
0 0.189310
0 0.244399
0 0.150545
0 0.287164
0 0.179694
0 0.178832
0 0.261104
0 0.201322
0 0.170257
0 0.187867
1 0.169588
1 0.229731
1 0.262174
1 0.204014
1 0.153161
1 0.374584
1 0.084582
1 0.130902
1 0.232172
1 0.247200
1 0.447401
1 0.338784
1 0.313637
1 0.327833
1 0.111541
1 0.309895
1 0.403021
1 0.344304
1 0.224470
1 0.261071
1 0.565435
1 0.568083
1 0.503124
1 0.446726
1 0.550246
1 0.551483
1 0.426474
1 0.632571
1 0.512510
1 0.522546
1 0.249459
1 0.286176
1 0.212004
1 0.263568
1 0.292676
1 0.366686
1 0.250396
1 0.276102
1 0.377704
1 0.263673
0 0.080168
1 0.339219
1 0.588543
1 0.434875
1 0.641500
1 0.314373
1 0.211391
1 0.292185
1 0.378085
1 0.259488
0 0.183326
1 0.526091
0 0.270767
1 0.361133
1 0.611745
1 0.603414
0 0.191715
0 0.208147
0 0.282253
0 0.193578
0 0.267129
1 0.729751
1 0.675940
1 0.467800
1 0.832497
1 0.985107
1 0.633365
1 0.722929
1 0.732065
1 0.550559
1 0.824160
1 0.831859
1 0.613978
1 0.996498
1 0.658567
1 0.415893
1 0.390815
1 0.622592
1 0.422082
1 0.230259
1 0.209039
0 0.196236
1 0.238010
1 0.350894
1 0.199231
1 0.169652
1 0.355301
0 0.254124
0 0.235719
0 0.323147
0 0.281163
0 0.212909
0 0.014149
0 0.061851
0 0.044526
0 0.040957
0 0.040403
0 0.036489
0 0.036592
0 0.059809
0 0.068153
0 0.064361
0 0.030930
0 0.019629
0 0.037950
0 0.035991
0 0.035289
0 0.047882
0 0.029903
0 0.034873
0 0.035046
0 0.041745
0 0.029413
0 0.027285
0 0.022951
0 0.036790
0 0.051798
0 0.034818
0 0.046965
0 0.036069
0 0.055033
0 0.040766
0 0.045596
0 0.041343
0 0.042297
0 0.027761
0 0.041241
0 0.090168
0 0.031816
0 0.029140
0 0.047547
0 0.066733
0 0.026372
0 0.033847
0 0.126289
0 0.041512
0 0.071866
0 0.045925
0 0.066473
0 0.041357
0 0.116417
0 0.054875
0 0.136148
0 0.038172
0 0.035999
0 0.032323
0 0.035771
0 0.033677
0 0.042235
0 0.031993
0 0.028645
0 0.050040
0 0.069130
0 0.028980
0 0.042251
0 0.029604
0 0.039006
0 0.050757
0 0.047315
0 0.045528
0 0.039738
0 0.041913
0 0.029321
1 0.095557
1 0.095882
1 0.085449
1 0.077101
1 0.085692
1 0.184074
1 0.114321
1 0.192759
1 0.070831
1 0.159593
0 0.110609
1 0.405417
1 0.459936
1 0.506522
1 0.426172
1 0.431796
1 0.443949
1 0.400146
1 0.441936
1 0.421516
1 0.426105
0 0.418666
0 0.296990
0 0.184417
0 0.311729
0 0.199918
0 0.299746
0 0.335004
0 0.318663
0 0.241898
0 0.140186
0 0.484460
0 0.439313
1 0.338986
1 0.529108
0 0.372228
0 0.336704
0 0.209845
0 0.163606
0 0.480541
0 0.219300
0 0.375632
0 0.210534
0 0.265229
0 0.259349
0 0.294772
0 0.211334
1 0.427180
0 0.414015
0 0.540921
1 0.603634
0 0.507056
1 0.344128
1 0.399281
1 0.378555
1 0.361415
1 0.371480
1 0.388059
1 0.290675
1 0.377389
1 0.440424
1 0.258274
1 0.881953
1 0.800781
1 0.697644
1 0.938963
1 0.602298
1 0.483319
1 0.496086
1 0.737836
1 0.495154
1 0.378425
1 0.294194
1 0.294393
1 0.299531
1 0.293804
1 0.163495
1 0.266678
1 0.226327
1 0.222423
1 0.236166
1 0.273355
0 0.191803
0 0.272560
0 0.417349
0 0.204236
0 0.255244
0 0.254969
0 0.340995
0 0.743489
0 0.211250
0 0.660051
0 0.428690
0 0.337892
0 0.447376
0 0.492348
0 0.255416
0 0.257007
0 0.770251
0 0.519551
0 0.568225
0 0.417813
0 0.560509
0 0.219798
0 0.503624
0 0.710093
0 0.570754
0 0.165594
0 0.213255
0 0.218473
0 0.624500
0 0.391819
0 0.211773
0 0.255839
0 0.798468
0 0.339154
0 0.282717
0 0.291449
0 0.226327
1 0.896792
1 0.917195
1 0.976845
1 0.973444
1 0.914695
1 0.564131
1 0.970255
1 0.979154
1 0.981877
1 0.985947
1 0.925583
1 0.796114
1 0.894353
1 0.986091
1 0.959230
1 0.830357
1 0.934648
1 0.574030
1 0.965807
1 0.860668
1 0.202789
1 0.284045
1 0.262998
1 0.218606
1 0.192176
1 0.536313
1 0.191045
1 0.337661
1 0.308740
1 0.289227
1 0.999760
1 0.999807
1 0.999575
1 0.896551
1 0.977599
1 0.949151
1 0.999854
1 0.958067
1 0.856963
1 0.968900
0 0.145714
0 0.722246
0 0.385286
0 0.472079
0 0.501154
0 0.472135
0 0.577443
0 0.509486
0 0.377712
0 0.731850
0 0.598038
0 0.641473
0 0.566658
0 0.516769
0 0.432296
0 0.651641
0 0.570782
0 0.743297
0 0.347704
0 0.476114
0 0.688320
0 0.721720
0 0.773017
0 0.805081
0 0.413754
0 0.506733
0 0.469734
0 0.466362
0 0.602906
0 0.502411
1 0.984290
1 0.972727
1 0.994481
1 0.997424
1 0.982457
1 0.993782
1 0.989555
1 0.996640
1 0.991686
1 0.990562
1 0.973584
1 0.758168
1 0.891205
1 0.974269
1 0.994965
1 0.991709
1 0.988065
1 0.987417
1 0.971619
1 0.989386
1 0.981929
1 0.996835
1 0.891307
1 0.986268
1 0.979542
1 0.999993
1 0.999997
1 0.999995
1 0.974382
1 0.999996
1 0.999686
1 0.997930
1 0.997039
1 0.999084
1 0.990017
1 0.993438
1 0.998954
1 0.999036
1 0.992376
1 0.999945
1 0.996117
1 0.977066
1 0.989747
1 0.996753
1 0.992634
1 0.997407
1 0.997792
1 0.997020
1 0.975584
1 0.993234
0 0.078639
0 0.087040
0 0.091458
0 0.095493
0 0.152282
0 0.117528
0 0.088904
0 0.104513
0 0.100808
0 0.199172
0 0.106489
0 0.085378
0 0.125942
0 0.131312
0 0.089672
0 0.079051
0 0.123233
0 0.234910
0 0.096317
0 0.114928
0 0.088441
0 0.072537
0 0.071304
0 0.078520
0 0.082076
0 0.070824
0 0.087726
0 0.084945
0 0.081227
0 0.075066
0 0.081827
0 0.110765
0 0.108523
0 0.096741
0 0.083807
0 0.103043
0 0.105242
0 0.154695
0 0.103049
0 0.115278
0 0.107647
1 0.909045
1 0.299913
1 0.705015
1 0.479494
1 0.323297
1 0.291882
1 0.693982
1 0.699046
1 0.587180
1 0.721817
1 0.836090
1 0.828871
1 0.638554
1 0.565147
1 0.586836
1 0.867044
1 0.740451
1 0.669376
1 0.714748
1 0.680926
1 0.490951
1 0.596641
1 0.996937
1 0.997357
1 0.888730
1 0.994817
1 0.925553
1 0.347793
1 0.996722
1 0.467971
1 0.985572
1 0.997497
1 0.975447
1 0.975877
1 0.980203
1 0.989607
1 0.999099
1 0.996199
1 0.998978
1 0.984687
0 0.242629
0 0.190838
0 0.348865
0 0.206675
0 0.266446
0 0.220333
0 0.238331
0 0.252740
0 0.223820
0 0.298308
0 0.215635
0 0.284517
0 0.200544
0 0.221726
0 0.205822
0 0.247686
0 0.239113
0 0.245844
0 0.277620
0 0.267978
0 0.298786
0 0.181813
0 0.229519
0 0.216313
0 0.180533
0 0.245774
0 0.197262
0 0.238248
0 0.214924
0 0.259959
0 0.166506
0 0.206664
0 0.251460
0 0.223281
0 0.193799
0 0.183883
0 0.327476
0 0.223474
0 0.243472
0 0.247720
0 0.265567
1 0.982521
1 0.531347
1 0.983138
1 0.985658
1 0.988349
1 0.989347
1 0.989525
1 0.945915
1 0.965870
1 0.990282
1 0.471233
1 0.486681
1 0.397983
1 0.332655
1 0.235842
1 0.289533
1 0.253328
1 0.243836
1 0.671217
1 0.380380
1 0.364109
1 0.267879
1 0.315431
1 0.391813
1 0.351685
0 0.211568
0 0.203533
0 0.145182
0 0.205808
0 0.219978
0 0.195358
0 0.227626
0 0.160670
0 0.220998
0 0.201533
0 0.112617
0 0.264532
0 0.214684
0 0.291539
0 0.195836
0 0.189448
0 0.124674
0 0.173903
0 0.178065
0 0.288921
0 0.300590
0 0.199918
0 0.337349
0 0.207922
0 0.279350
0 0.209166
0 0.195296
0 0.308400
0 0.467565
0 0.187320
0 0.387642
0 0.204397
0 0.168561
0 0.401942
0 0.354331
0 0.153889
0 0.304088
0 0.172990
0 0.281311
0 0.321667
0 0.274750
0 0.202491
0 0.173907
0 0.167358
0 0.228909
0 0.153567
0 0.193179
0 0.223129
0 0.158766
0 0.211296
0 0.191070
1 0.244391
1 0.166619
1 0.328222
1 0.261131
1 0.305631
1 0.251075
1 0.249379
1 0.194174
1 0.208134
1 0.383146
1 0.259825
1 0.229875
1 0.195872
1 0.481781
1 0.258075
1 0.362278
1 0.229875
1 0.508562
1 0.875764
1 0.403328
1 0.502032
1 0.293924
1 0.513975
1 0.530003
1 0.615090
1 0.277713
1 0.396938
0 0.225285
0 0.345047
0 0.456246
0 0.350125
0 0.425541
0 0.314640
0 0.415594
0 0.359162
0 0.397359
0 0.436136
0 0.432976
0 0.397734
0 0.486922
0 0.503867
0 0.462166
0 0.487736
0 0.492952
0 0.407612
0 0.428367
0 0.468644
0 0.461495
0 0.470967
0 0.430516
0 0.431402
0 0.447587
0 0.558282
0 0.459996
0 0.461253
0 0.426928
0 0.444160
0 0.448568
0 0.497342
0 0.558026
0 0.409519
0 0.438600
0 0.566816
0 0.428124
0 0.370916
0 0.329742
0 0.568988
0 0.518357
1 0.232694
1 0.490715
1 0.208938
1 0.209113
1 0.853737
1 0.937028
1 0.854430
1 0.914435
1 0.887172
1 0.885980
1 0.872041
1 0.983919
1 0.848014
1 0.902678
1 0.514168
1 0.399577
1 0.610483
1 0.631429
1 0.533826
1 0.605615
1 0.601572
1 0.599451
1 0.541735
1 0.560315
0 0.068610
0 0.136906
0 0.141932
0 0.093398
0 0.173190
0 0.189151
0 0.222361
0 0.174381
0 0.192009
0 0.189497
0 0.314770
0 0.080374
0 0.195111
0 0.171225
0 0.091801
0 0.097056
0 0.091336
0 0.163014
0 0.476644
0 0.155983
0 0.185524
0 0.088244
0 0.107133
0 0.112036
0 0.373781
0 0.086669
0 0.172657
0 0.083398
0 0.129323
0 0.171508
0 0.219694
0 0.284986
0 0.088132
0 0.120085
0 0.101298
0 0.226547
0 0.246757
0 0.121763
0 0.110230
0 0.099628
0 0.265542
1 0.997222
1 0.970963
1 0.994606
1 0.999679
1 0.997673
1 0.997486
1 0.999403
1 0.999079
1 0.999940
1 0.996213
1 0.995834
1 0.979352
1 0.986740
1 0.994890
1 0.711726
1 0.996604
1 0.497048
1 0.977865
1 0.783270
1 0.997894
1 0.987647
1 0.962222
1 0.997718
1 0.995703
1 0.995677
1 0.992494
1 0.985587
1 0.988560
1 0.993560
1 0.987002
1 0.944983
1 0.999486
1 0.991007
1 0.994847
1 0.998660
1 0.999054
1 0.980330
1 0.993228
1 0.984335
1 0.997158
0 0.182020
0 0.216280
0 0.171183
0 0.210221
0 0.166123
0 0.222867
0 0.213381
0 0.182151
0 0.291457
0 0.217122
0 0.284806
0 0.293048
0 0.293589
0 0.490954
0 0.203208
0 0.160826
0 0.293589
0 0.319559
0 0.432368
0 0.258763
0 0.178007
0 0.223682
0 0.261054
0 0.291743
0 0.141613
0 0.227349
0 0.199036
0 0.363590
0 0.308386
0 0.283837
0 0.258012
0 0.588748
0 0.466409
0 0.330242
0 0.519847
0 0.401950
0 0.237501
0 0.270472
0 0.335890
0 0.358773
0 0.201044
1 0.999397
1 0.966621
1 0.999303
1 0.995603
1 0.822793
1 0.999562
1 0.950381
1 0.999967
1 0.841087
1 0.886974
1 0.996873
1 0.995277
1 0.957420
1 0.998476
1 0.999472
1 0.996744
1 0.995746
1 0.990791
1 0.994756
1 0.987229
1 0.824421
1 0.878998
1 0.982384
1 0.986265
1 0.790793
1 0.871390
1 0.991134
1 0.962542
1 0.865519
1 0.778418
1 0.876079
1 0.889260
1 0.972081
1 0.719762
1 0.708420
1 0.786069
1 0.933987
1 0.908234
1 0.783009
0 0.056924
0 0.283617
0 0.284793
0 0.126411
0 0.149595
0 0.299575
0 0.102559
0 0.091570
0 0.092028
0 0.103526
0 0.156035
0 0.149777
0 0.116852
0 0.070718
0 0.114881
0 0.081325
0 0.203522
0 0.146859
0 0.138095
0 0.118711
0 0.303507
0 0.135428
0 0.130802
0 0.242033
0 0.131518
0 0.261144
0 0.128401
0 0.079013
0 0.159938
0 0.174414
1 0.198479
1 0.262602
1 0.396134
1 0.187481
1 0.159983
1 0.157011
1 0.261901
1 0.218917
1 0.403343
1 0.220863
1 0.280978
1 0.366487
1 0.240428
1 0.747473
1 0.256425
1 0.504171
1 0.254788
1 0.271013
1 0.382004
1 0.175089
0 0.082600
0 0.210970
0 0.234295
0 0.146921
0 0.233080
0 0.246875
0 0.203200
0 0.191384
0 0.248061
0 0.205357
0 0.237891
0 0.313122
0 0.377320
0 0.336890
0 0.522772
0 0.340956
0 0.250266
0 0.337656
0 0.231208
0 0.272848
0 0.257889
0 0.194478
0 0.330368
0 0.448829
0 0.236914
0 0.279751
0 0.313291
0 0.466760
0 0.166997
0 0.269772
0 0.204990
1 0.242074
1 0.371513
1 0.212622
1 0.129565
1 0.264615
1 0.260393
1 0.249825
1 0.291501
1 0.267276
1 0.246181
1 0.258009
1 0.285775
1 0.291155
1 0.303490
1 0.327551
1 0.308656
1 0.251642
1 0.233528
1 0.303809
1 0.205655
1 0.116533
1 0.167706
1 0.331650
1 0.203499
1 0.151442
1 0.215384
1 0.224186
1 0.197146
1 0.214700
1 0.210350
0 0.215469
0 0.191175
0 0.305044
0 0.218568
0 0.258069
0 0.256357
0 0.172644
0 0.251505
0 0.175884
0 0.246886
1 0.243548
1 0.158074
1 0.250989
1 0.202655
1 0.321439
1 0.317586
1 0.214393
1 0.258409
1 0.185931
1 0.324598
0 0.121195
1 0.827006
1 0.605910
1 0.787081
1 0.930282
1 0.923573
1 0.577552
1 0.596152
1 0.944049
1 0.883773
1 0.508849
1 0.606477
1 0.823597
1 0.853293
1 0.594934
1 0.681195
1 0.819378
1 0.684664
1 0.720389
1 0.859134
1 0.615839
1 0.333151
0 0.561124
1 0.472642
1 0.576231
1 0.702031
0 0.226995
0 0.498997
1 0.606909
1 0.790455
1 0.717636
0 0.492202
1 0.631179
1 0.692983
1 0.406576
0 0.227818
1 0.881214
1 0.656149
1 0.563291
1 0.455729
1 0.998132
1 0.984493
1 0.997353
1 0.998555
1 0.998819
1 0.999561
1 0.997233
1 0.999730
1 0.992923
1 0.994357
1 0.999880
1 0.997499
1 0.999038
1 0.959979
1 0.998360
1 0.991193
1 0.998557
1 0.978921
1 0.999850
1 0.987044
1 0.999842
1 0.999607
1 0.998617
1 0.999985
1 0.999973
1 0.996861
1 0.999996
1 0.999918
1 0.999953
1 0.999753
1 0.999817
1 0.999990
1 0.999937
1 0.999849
1 0.999827
1 0.999336
1 0.999988
1 0.999758
1 0.996904
1 0.995753
0 0.130733
1 0.445827
0 0.256532
1 0.597389
0 0.266238
1 0.697966
0 0.258911
0 0.259251
1 0.401211
1 0.263739
0 0.327717
0 0.442032
0 0.490522
0 0.469712
0 0.305208
0 0.465409
0 0.763108
0 0.476415
0 0.407361
0 0.527603
0 0.229946
0 0.178782
0 0.393608
1 0.412777
0 0.230385
0 0.587813
0 0.272046
1 0.511109
1 0.406221
1 0.319330
1 0.462226
1 0.560073
1 0.443353
1 0.445243
1 0.507079
1 0.445243
1 0.341335
1 0.895983
1 0.990653
1 0.694303
1 0.531321
1 0.780395
1 0.459975
1 0.894357
1 0.957818
1 0.899565
1 0.675053
1 0.376081
1 0.556569
1 0.405585
1 0.373633
1 0.535795
1 0.370688
1 0.664135
1 0.612274
1 0.394623
1 0.447947
1 0.848914
1 0.861246
1 0.697565
1 0.988804
1 0.940929
1 0.626190
1 0.837325
1 0.695942
1 0.737674
1 0.798097
0 0.127944
0 0.479423
0 0.306569
0 0.367069
0 0.262894
0 0.480028
0 0.409871
0 0.253727
0 0.479423
0 0.467066
0 0.433568
0 0.565910
0 0.245128
0 0.288578
0 0.372514
0 0.328086
0 0.218657
0 0.441365
0 0.205241
0 0.190222
0 0.217382
0 0.245118
0 0.407821
0 0.351500
0 0.544316
0 0.512080
0 0.379690
0 0.448685
0 0.412110
0 0.478832
0 0.366741
1 0.638931
1 0.447350
1 0.497659
1 0.409858
1 0.562155
1 0.462514
1 0.443567
1 0.432547
1 0.424917
1 0.475587
1 0.387485
1 0.373828
1 0.995447
1 0.997756
1 0.995799
1 0.940248
1 0.992169
1 0.971709
1 0.930689
1 0.896795
1 0.986981
1 0.960900
1 0.990703
1 0.962554
1 0.962814
1 0.916258
1 0.989507
1 0.983783
1 0.856104
1 0.990931
1 0.915676
1 0.775757
1 0.521471
1 0.794784
1 0.783599
1 0.876939
1 0.962483
1 0.810306
1 0.879934
1 0.983497
1 0.789993
1 0.778014
0 0.106927
0 0.725045
0 0.376988
0 0.593896
0 0.553887
0 0.514073
0 0.379499
0 0.481021
0 0.574727
0 0.692685
0 0.523538
0 0.601580
0 0.503576
0 0.581742
0 0.293803
0 0.332164
0 0.333670
0 0.432166
0 0.475980
0 0.529958
0 0.327730
0 0.381900
0 0.575582
0 0.458781
0 0.236306
0 0.488730
0 0.485355
0 0.458319
0 0.481217
0 0.531230
0 0.440742
1 0.721680
1 0.806686
1 0.492863
1 0.490400
1 0.651687
1 0.719503
1 0.471010
1 0.672680
1 0.945844
1 0.521383
1 0.354808
1 0.285874
1 0.258054
1 0.483795
1 0.357532
1 0.342914
1 0.384152
1 0.545852
1 0.446364
1 0.352724
1 0.924467
1 0.972798
1 0.976569
1 0.769049
1 0.882654
1 0.908098
1 0.976468
1 0.803103
1 0.993698
1 0.618119
1 0.804218
1 0.536856
1 0.913217
1 0.940561
1 0.819811
1 0.707666
1 0.942782
1 0.923835
1 0.793514
1 0.972667
1 0.420567
1 0.632149
1 0.549744
1 0.543208
1 0.915138
1 0.395517
1 0.669943
1 0.915138
1 0.710408
1 0.554894
0 0.068427
0 0.192685
0 0.149211
0 0.134685
0 0.209143
0 0.246250
0 0.200635
0 0.132079
0 0.096052
0 0.085191
0 0.118062
0 0.324417
0 0.405955
0 0.270228
0 0.310738
0 0.326205
0 0.328501
0 0.290337
0 0.203851
0 0.328221
0 0.340109
0 0.232871
0 0.185605
0 0.207212
0 0.214744
0 0.164970
0 0.216552
0 0.213854
0 0.179983
0 0.185848
0 0.157582
0 0.224555
1 0.355279
1 0.924060
1 0.729886
1 0.935859
1 0.651719
1 0.466497
1 0.475467
1 0.844459
1 0.882086
1 0.682381
1 0.990248
1 0.991126
1 0.989814
1 0.992327
1 0.974284
1 0.991295
1 0.983729
1 0.970567
1 0.980766
1 0.993456
1 0.873819
1 0.442240
1 0.602140
1 0.583423
1 0.618961
1 0.865586
1 0.619740
1 0.815040
1 0.484686
1 0.613760
0 0.170051
0 0.374611
0 0.317443
0 0.285389
0 0.305300
0 0.330674
0 0.257419
0 0.315114
0 0.336361
0 0.332668
0 0.339301
0 0.206174
0 0.185373
0 0.229050
0 0.238785
0 0.220514
0 0.149723
0 0.180367
0 0.233113
0 0.239063
0 0.265457
0 0.348884
0 0.232938
0 0.333621
0 0.228196
0 0.255062
0 0.348884
0 0.273177
0 0.324192
0 0.121815
0 0.185829
0 0.237217
0 0.247383
0 0.290677
0 0.171182
0 0.256518
0 0.250547
0 0.271014
0 0.152925
0 0.271607
1 0.315657
1 0.231369
1 0.174177
1 0.203020
1 0.219776
1 0.657677
1 0.235709
1 0.250749
1 0.198485
1 0.786614
1 0.411227
1 0.405814
1 0.966890
1 0.433375
1 0.966796
1 0.978445
1 0.367396
1 0.665839
1 0.672979
1 0.309311
1 0.790367
1 0.822553
1 0.863811
1 0.865891
1 0.815711
1 0.806342
1 0.848369
1 0.850619
1 0.767258
1 0.817134
0 0.107324
0 0.244515
0 0.343128
0 0.208066
0 0.254905
0 0.162346
0 0.353182
0 0.305481
0 0.198504
0 0.202873
0 0.255086
0 0.474068
0 0.269595
0 0.204346
0 0.301819
0 0.271738
0 0.281405
0 0.284807
0 0.360378
0 0.204700
0 0.241422
0 0.283113
0 0.257880
0 0.362548
0 0.291302
0 0.213054
0 0.167449
0 0.291602
0 0.309319
0 0.278812
0 0.416135
1 0.745338
1 0.744420
1 0.490998
1 0.703649
1 0.714460
1 0.628015
1 0.517764
1 0.603989
1 0.457463
1 0.652757
1 0.758821
1 0.805981
1 0.805365
1 0.902115
1 0.937558
1 0.600592
1 0.880850
1 0.661477
1 0.924532
1 0.753126
1 0.999954
1 0.999988
1 0.999997
1 0.999771
1 0.999774
1 0.999940
1 0.999882
1 0.999934
1 0.999806
1 0.999989
1 0.999139
1 0.997579
1 0.985121
1 0.995412
1 0.988195
1 0.993873
1 0.999937
1 0.999430
1 0.998585
1 0.998686
1 0.999605
1 0.998816
1 0.999987
1 0.999996
1 0.999964
1 0.997817
1 0.999705
1 0.999775
1 0.999714
1 0.999989
0 0.096844
0 0.053580
0 0.075387
0 0.031913
0 0.114699
0 0.062900
0 0.065982
0 0.010856
0 0.103737
0 0.026507
0 0.015369
0 0.198476
0 0.685905
0 0.227426
0 0.178707
0 0.092322
0 0.143729
0 0.122997
0 0.095049
0 0.048768
0 0.038659
0 0.093192
0 0.160950
0 0.145726
0 0.092975
0 0.300959
0 0.046621
0 0.165544
0 0.118333
0 0.067929
0 0.349186
1 0.045805
1 0.108733
1 0.214549
1 0.160525
1 0.148801
1 0.041320
1 0.235992
1 0.106182
1 0.091372
1 0.163182
1 0.967037
1 0.999915
1 0.977135
1 0.998409
1 0.899815
1 0.704259
1 0.918415
1 0.996367
1 0.906119
1 0.938704
1 0.998489
1 0.999054
1 0.999647
1 0.999908
1 0.999823
1 0.999738
1 0.999961
1 0.999980
1 0.999913
1 0.999983
1 0.998723
1 0.999967
1 0.999705
1 0.999868
1 0.999972
1 0.984284
1 0.992866
1 0.999938
1 0.999949
1 0.999871
1 0.949458
1 1.000000
1 0.998982
1 0.998924
1 0.927250
1 0.999997
1 0.996167
1 0.999025
1 0.999983
1 0.998281
0 0.077578
0 0.240789
0 0.142948
0 0.119734
0 0.125758
0 0.229745
0 0.103355
0 0.335925
0 0.162456
0 0.145172
0 0.174598
0 0.179655
0 0.176247
0 0.165929
0 0.120699
0 0.105140
0 0.163309
0 0.136811
0 0.175727
0 0.239936
0 0.165423
0 0.245714
0 0.355657
0 0.281124
0 0.138679
0 0.266751
0 0.306718
0 0.256110
0 0.262761
0 0.334173
0 0.292326
0 0.340390
0 0.255927
0 0.294486
0 0.215544
0 0.123947
0 0.356196
0 0.153772
0 0.246204
0 0.159848
1 0.163647
1 0.141762
1 0.128412
1 0.189672
1 0.144506
1 0.181084
1 0.260267
1 0.189898
1 0.198866
1 0.154229
1 0.170481
1 0.222391
1 0.218108
1 0.216682
1 0.203426
1 0.245933
1 0.231953
1 0.205492
1 0.257843
1 0.194733
1 0.176470
1 0.139283
1 0.197031
1 0.182414
1 0.148945
1 0.175381
1 0.161058
1 0.178683
1 0.122304
1 0.163757
1 0.381444
1 0.248482
1 0.259172
1 0.244630
1 0.206080
1 0.323478
1 0.454531
1 0.240472
1 0.245895
1 0.323654
0 0.030258
0 0.059605
0 0.074800
0 0.069977
0 0.079100
0 0.058312
0 0.065540
0 0.067633
0 0.045973
0 0.060984
0 0.065897
0 0.065372
0 0.056663
0 0.079482
0 0.064185
0 0.061341
0 0.060925
0 0.037573
0 0.074628
0 0.032543
0 0.061518
0 0.047218
0 0.053368
0 0.050199
0 0.056591
0 0.070536
0 0.053207
0 0.064223
0 0.049649
0 0.077107
0 0.039192
0 0.097754
0 0.055538
0 0.042577
0 0.077599
0 0.050111
0 0.069463
0 0.062991
0 0.096042
0 0.052542
0 0.067929
1 0.195605
1 0.131880
1 0.154702
1 0.120263
1 0.123217
1 0.154056
1 0.173763
1 0.107011
1 0.111142
1 0.145648
1 0.074840
1 0.099001
1 0.151525
1 0.106035
1 0.115181
1 0.067463
1 0.102685
1 0.346030
1 0.491032
1 0.543543
1 0.560766
1 0.490265
1 0.502507
1 0.522343
1 0.515768
1 0.230628
1 0.551239
1 0.191494
1 0.140496
1 0.107165
1 0.138534
1 0.187163
1 0.130249
1 0.136262
0 0.045616
0 0.130843
0 0.529629
0 0.137919
0 0.184292
0 0.390321
1 0.881413
1 0.691174
0 0.376330
0 0.442633
0 0.512191
0 0.354342
0 0.449338
1 0.385923
0 0.404877
0 0.379068
0 0.309390
0 0.153500
0 0.142132
0 0.126472
0 0.378515
0 0.124979
0 0.311416
0 0.219205
0 0.155388
0 0.324809
1 0.778775
1 0.961155
1 0.969364
1 0.903005
1 0.992733
1 0.941444
1 0.934934
1 0.987110
1 0.988178
1 0.974211
1 0.985940
1 0.887228
1 0.983584
1 0.920961
1 0.777207
1 0.983879
1 0.826670
1 0.815957
1 0.992987
1 0.998239
1 0.958793
0 0.137368
0 0.517839
0 0.565805
0 0.509305
0 0.248435
0 0.305871
0 0.388314
0 0.215485
0 0.231190
0 0.487047
0 0.366941
0 0.400791
0 0.437065
0 0.273645
0 0.340544
0 0.327265
0 0.254706
0 0.234542
0 0.293523
0 0.394747
0 0.273613
0 0.254553
0 0.312253
0 0.221714
0 0.217361
0 0.245200
0 0.217192
0 0.457524
0 0.456216
0 0.113531
0 0.490618
0 0.415631
0 0.291714
0 0.485729
0 0.289728
0 0.497373
0 0.400150
0 0.377356
0 0.419595
0 0.447240
0 0.440808
1 0.450298
1 0.574302
1 0.477749
1 0.532329
1 0.320890
1 0.409204
1 0.429358
1 0.373093
1 0.501456
1 0.470227
1 0.616069
1 0.461856
1 0.368138
1 0.723334
1 0.519652
1 0.458499
1 0.415976
1 0.197012
1 0.500466
1 0.448755
1 0.504736
1 0.597278
1 0.564227
1 0.479460
1 0.460521
1 0.654034
1 0.565290
1 0.593570
1 0.803369
1 0.601061
1 0.337281
1 0.702844
1 0.516105
1 0.436065
1 0.440907
1 0.411267
1 0.464636
1 0.344408
1 0.474431
1 0.454409
0 0.238417
0 0.497888
0 0.389430
0 0.447994
0 0.292781
0 0.481317
0 0.406017
0 0.436613
0 0.471814
0 0.381404
0 0.487049
0 0.455844
0 0.355846
0 0.355653
0 0.389519
0 0.479388
0 0.316715
0 0.415004
0 0.351271
0 0.271231
0 0.221825
0 0.270941
0 0.225547
0 0.310996
0 0.307775
0 0.197198
0 0.264598
0 0.263800
0 0.284411
0 0.385841
0 0.277982
0 0.418767
0 0.485532
0 0.503920
0 0.246699
0 0.266449
1 0.332718
1 0.316363
1 0.381850
1 0.286225
1 0.289909
1 0.292706
1 0.284670
1 0.304851
1 0.326356
1 0.358695
1 0.917202
1 0.996759
1 0.947241
1 0.963639
1 0.995917
1 0.947601
1 0.937560
1 0.909078
1 0.957152
1 0.975565
0 0.344502
0 0.362631
0 0.291359
0 0.290539
0 0.285276
0 0.340297
0 0.260169
0 0.306029
0 0.302577
0 0.340098
1 0.998179
1 0.998569
1 0.989811
1 0.998337
1 0.994994
1 0.998538
1 0.998421
1 0.996184
1 0.998153
1 0.998358
0 0.110643
0 0.258650
0 0.537658
0 0.249304
0 0.662340
0 0.159932
0 0.228588
0 0.217619
0 0.218032
0 0.232937
0 0.177811
0 0.276006
0 0.237541
0 0.222703
0 0.688720
0 0.867391
0 0.263048
0 0.326095
0 0.272295
0 0.241068
0 0.148604
0 0.776218
0 0.199957
0 0.254837
0 0.275232
0 0.197649
0 0.648291
0 0.257169
0 0.267908
0 0.796848
0 0.266664
1 0.393177
1 0.408395
1 0.670971
1 0.924319
1 0.658116
1 0.485532
1 0.485963
1 0.520464
1 0.399029
1 0.089817
1 0.083960
1 0.999860
1 0.820641
1 0.545108
1 0.987707
1 0.986625
1 0.997729
1 0.410844
1 0.996910
1 0.620866
1 0.995193
1 0.999636
1 0.999871
1 0.994261
1 0.995421
1 0.999896
1 0.995266
1 0.999354
1 0.999891
1 0.994457
1 0.999812
1 0.999898
1 0.999304
1 0.999397
1 0.999603
1 0.995563
1 0.999610
1 0.999873
1 0.998880
1 0.999897
1 0.999962
0 0.109040
0 0.200453
0 0.232237
0 0.194597
0 0.263210
0 0.258026
0 0.120812
0 0.279197
0 0.247691
0 0.134263
0 0.233416
0 0.158012
0 0.197261
0 0.150493
0 0.202633
0 0.204839
0 0.146628
0 0.267106
0 0.114803
0 0.238464
0 0.232939
0 0.164124
0 0.220816
0 0.263310
0 0.228353
0 0.242686
0 0.191337
0 0.272640
0 0.179889
0 0.159928
0 0.285838
0 0.240224
0 0.263581
0 0.275241
0 0.264045
0 0.254104
0 0.238753
0 0.191009
0 0.168036
0 0.278805
0 0.221193
0 0.194985
0 0.233129
0 0.188469
0 0.157701
0 0.112201
0 0.159441
0 0.128940
0 0.158184
0 0.171626
0 0.267335
0 0.176509
0 0.223860
0 0.209783
0 0.170233
0 0.146073
0 0.173219
0 0.140557
0 0.168054
0 0.155085
0 0.228863
0 0.112875
0 0.280587
0 0.133853
0 0.261124
0 0.185846
0 0.176588
0 0.174428
0 0.161797
0 0.178569
0 0.158884
0 0.202793
0 0.209283
0 0.123485
0 0.214397
0 0.231209
0 0.159798
0 0.179911
0 0.220772
0 0.192971
0 0.164846
0 0.278262
0 0.317516
0 0.354313
0 0.323551
0 0.355153
0 0.301715
0 0.358180
0 0.355745
0 0.326296
0 0.326764
0 0.339697
0 0.324736
0 0.315205
0 0.363896
0 0.359672
0 0.361009
0 0.301025
0 0.322424
0 0.321445
0 0.340679
0 0.359058
0 0.357980
0 0.380867
0 0.341397
0 0.346102
0 0.324989
0 0.285819
0 0.372651
0 0.348795
0 0.350087
0 0.362197
0 0.320889
0 0.325270
0 0.270029
0 0.309507
0 0.292030
0 0.294816
0 0.289046
0 0.272124
0 0.316541
0 0.323831
1 0.381794
1 0.368020
1 0.411875
1 0.403398
1 0.386097
1 0.408729
1 0.393094
1 0.374585
1 0.341267
1 0.380469
1 0.349953
1 0.383597
1 0.359051
1 0.383441
1 0.372142
1 0.350032
1 0.375453
1 0.408652
1 0.399956
1 0.412609
0 0.341902
0 0.371768
0 0.316415
0 0.372564
0 0.373001
0 0.389459
0 0.327303
0 0.371072
0 0.327467
0 0.307243
1 0.371118
1 0.411791
1 0.356026
1 0.378090
1 0.371624
1 0.408298
1 0.390293
1 0.376922
1 0.384064
1 0.390174
0 0.101875
0 0.392225
0 0.331933
0 0.797356
0 0.545973
0 0.512492
0 0.341341
0 0.421325
0 0.642079
0 0.382589
0 0.416797
1 0.997107
1 0.996624
1 0.983984
1 0.997801
1 0.916460
0 0.546165
1 0.958799
0 0.436882
1 0.962494
0 0.257105
1 0.976134
0 0.772522
0 0.350991
0 0.251945
0 0.275173
0 0.122064
0 0.169702
0 0.609160
0 0.140319
0 0.153277
1 0.999123
1 0.998667
1 0.997355
1 0.996848
1 0.995712
1 0.993750
1 0.994045
1 0.999756
1 0.993446
1 0.994958
1 0.999942
1 0.999885
1 0.999634
1 0.999227
1 0.999666
1 0.999305
1 0.999841
1 0.999259
1 0.999855
1 0.999573
1 0.994075
1 0.999253
1 0.999925
1 0.999777
1 0.999869
1 0.998982
1 0.989707
1 0.997938
1 0.991419
1 0.999022
1 0.959907
1 0.957411
1 0.769895
1 0.778885
1 0.960883
1 0.673945
1 0.912603
1 0.915722
1 0.975302
1 0.535881
0 0.407916
0 0.653961
0 0.650836
0 0.908083
0 0.512976
0 0.702431
0 0.772088
0 0.778046
0 0.830828
0 0.708839
0 0.643016
0 0.680411
0 0.575858
0 0.730106
0 0.581866
0 0.565515
0 0.703343
0 0.713463
0 0.839188
0 0.529535
0 0.803529
0 0.524596
0 0.701829
0 0.404738
0 0.737116
0 0.731440
0 0.512353
0 0.742400
1 0.683438
1 0.625562
1 0.917828
1 0.853460
1 0.868382
1 0.791080
1 0.506519
1 0.798193
1 0.816569
1 0.854519
1 0.998882
1 0.998339
1 0.976819
1 0.997141
1 0.998166
1 0.997532
1 0.999599
1 0.999936
1 0.998925
1 0.998467
0 0.649145
0 0.716964
0 0.869703
0 0.547469
0 0.745509
0 0.596893
0 0.840889
0 0.792358
0 0.761990
1 0.831308
1 0.482305
1 0.904192
1 0.882508
1 0.590378
1 0.424320
1 0.478903
1 0.541130
1 0.531330
1 0.527704
0 0.081793
1 0.664206
1 0.648903
1 0.645657
1 0.606873
1 0.416060
1 0.683983
1 0.532942
1 0.687986
1 0.582077
1 0.450765
1 0.411107
1 0.344339
1 0.460407
1 0.537607
1 0.419960
1 0.404463
1 0.592168
1 0.270736
1 0.477928
1 0.568233
1 0.539350
1 0.575589
1 0.468282
1 0.636681
1 0.689436
1 0.536940
1 0.558635
1 0.597791
1 0.573458
1 0.506216
1 0.356051
1 0.558958
1 0.334769
1 0.330542
1 0.360820
1 0.560092
1 0.326306
1 0.624531
1 0.273423
1 0.219415
1 0.433617
1 0.295487
1 0.227955
1 0.240695
1 0.229422
1 0.328576
1 0.266452
1 0.257457
1 0.349033
1 0.531235
1 0.515749
1 0.497507
1 0.408281
1 0.501330
1 0.289357
1 0.497899
1 0.412265
1 0.395355
1 0.342685
1 0.330068
1 0.262052
1 0.274390
1 0.309476
1 0.254962
1 0.294510
1 0.190677
1 0.364722
1 0.500413
1 0.339371
1 0.498359
1 0.369103
1 0.560591
1 0.505931
1 0.557887
1 0.426964
1 0.413416
1 0.481820
1 0.402027
1 0.472349
0 0.305275
0 0.455727
0 0.582779
0 0.516576
0 0.590754
0 0.575633
0 0.501835
0 0.494687
0 0.279403
0 0.634689
0 0.752618
0 0.415051
0 0.506492
0 0.333786
0 0.856353
0 0.398596
0 0.351297
0 0.438084
0 0.610165
0 0.486362
0 0.698042
0 0.547968
0 0.526191
0 0.388615
0 0.418582
0 0.438455
0 0.527471
0 0.381839
0 0.247156
0 0.410119
0 0.311658
0 0.289953
0 0.417845
0 0.271984
0 0.463808
1 0.308919
1 0.384132
1 0.465617
1 0.455294
1 0.243182
1 0.454698
1 0.452071
1 0.305386
1 0.349655
1 0.365611
1 0.471948
1 0.560364
1 0.476787
1 0.524383
1 0.899124
1 0.517945
1 0.533630
1 0.382324
1 0.686373
1 0.611418
1 0.554039
1 0.712422
1 0.566071
1 0.700828
1 0.747186
1 0.682615
1 0.372356
1 0.711595
1 0.648065
1 0.443568
0 0.322597
0 0.245669
0 0.297756
0 0.284402
0 0.230493
0 0.499436
0 0.301187
0 0.551907
0 0.137017
0 0.144367
0 0.179548
0 0.096528
0 0.200521
0 0.088777
0 0.221801
0 0.288070
0 0.107569
0 0.234819
0 0.174054
0 0.326366
0 0.230119
0 0.311944
0 0.401482
0 0.219825
0 0.272836
0 0.286763
0 0.310074
0 0.237069
0 0.318065
0 0.297611
0 0.241379
0 0.234344
0 0.265420
0 0.196569
0 0.373215
0 0.176490
0 0.255628
0 0.278163
0 0.219661
0 0.189716
0 0.196939
0 0.192354
0 0.241103
0 0.227880
0 0.212895
0 0.193890
0 0.249923
0 0.216499
0 0.381593
1 0.439401
1 0.895522
1 0.647091
1 0.685841
1 0.611602
1 0.948384
1 0.972049
1 0.872087
1 0.990660
1 0.756123
1 0.416666
1 0.432285
1 0.644433
1 0.276816
1 0.402705
1 0.585858
1 0.643455
1 0.399634
1 0.414446
1 0.335003
1 0.933034
1 0.952532
1 0.910581
1 0.945422
1 0.978899
1 0.902298
1 0.965638
1 0.985876
1 0.993111
1 0.899705
1 0.999297
1 0.999870
1 0.999438
1 0.999622
1 0.999647
1 0.999853
1 0.999883
1 0.999605
1 0.999529
1 0.999978
0 0.168510
0 0.173089
0 0.344029
0 0.299201
0 0.308115
0 0.334964
0 0.305708
0 0.190376
0 0.284422
0 0.277183
0 0.464302
0 0.342603
0 0.308003
0 0.346779
0 0.361685
0 0.205939
0 0.353834
0 0.380728
0 0.333130
0 0.256976
0 0.290825
0 0.273771
0 0.253270
0 0.271158
0 0.303011
0 0.291732
0 0.339069
0 0.355565
0 0.418308
0 0.296467
0 0.462036
0 0.278810
0 0.256323
0 0.335328
0 0.241397
0 0.272486
0 0.302727
0 0.295012
0 0.227525
0 0.340569
0 0.268632
1 0.903461
1 0.830153
1 0.809277
1 0.789354
1 0.898070
1 0.883680
1 0.888223
1 0.951212
1 0.889902
1 0.829651
1 0.965833
1 0.978433
1 0.960516
1 0.969801
1 0.865479
1 0.871360
1 0.976939
1 0.985266
1 0.967446
1 0.908381
1 0.649965
1 0.508225
1 0.613062
1 0.541816
1 0.529737
1 0.642746
1 0.491367
1 0.236328
1 0.461225
1 0.519498
1 0.475899
1 0.577375
1 0.607221
1 0.620557
1 0.519378
1 0.296028
1 0.490513
1 0.429597
1 0.397696
1 0.508887
0 0.037424
0 0.095712
0 0.117511
0 0.070743
0 0.131410
0 0.073977
0 0.070845
0 0.096639
0 0.091481
0 0.122409
0 0.065835
0 0.100069
0 0.079884
0 0.114235
0 0.084284
0 0.112507
0 0.097067
0 0.070988
0 0.097344
0 0.065723
0 0.075031
0 0.074997
0 0.085132
0 0.095454
0 0.081432
0 0.098314
0 0.059124
0 0.076121
0 0.075374
0 0.161169
0 0.116363
1 0.988777
1 0.998460
1 0.999846
1 0.998765
1 0.991571
1 0.999786
1 0.999127
1 0.993859
1 0.998442
1 0.999037
1 0.997175
1 0.997496
1 0.542049
1 0.965996
1 0.990384
1 0.972848
1 0.960097
1 0.994614
1 0.996862
1 0.978642
1 0.998558
1 0.999565
1 0.986007
1 0.999920
1 0.999769
1 0.998836
1 0.999781
1 0.998676
1 0.964984
1 0.999627
1 0.736335
1 0.951179
1 0.950090
1 0.936966
1 0.928795
1 0.957741
1 0.868387
1 0.886510
1 0.990887
1 0.790186
1 0.999995
1 0.998980
1 0.999553
1 0.999705
1 0.999551
1 0.999975
1 0.999976
1 0.998223
1 0.999994
1 0.999996
0 0.119143
0 0.334665
0 0.172508
0 0.137317
0 0.200852
0 0.166533
0 0.263747
0 0.211090
0 0.210038
0 0.210988
0 0.175864
0 0.231986
0 0.191560
0 0.200664
0 0.138480
0 0.125921
0 0.231772
0 0.203939
0 0.223766
0 0.130778
0 0.239263
0 0.278128
0 0.210576
0 0.267495
0 0.247816
0 0.393030
0 0.334756
0 0.248938
0 0.169173
0 0.343750
0 0.199958
0 0.646982
0 0.221361
0 0.504352
0 0.360265
0 0.510268
1 0.430934
1 0.232014
1 0.176693
1 0.241874
1 0.216785
1 0.251041
1 0.370364
1 0.256745
1 0.267592
1 0.138465
1 0.397535
1 0.553045
1 0.413494
1 0.501078
1 0.305387
1 0.334894
1 0.552956
1 0.435984
1 0.467354
1 0.460678
1 0.955279
1 0.978912
1 0.997587
1 0.955514
1 0.999277
1 0.998265
1 0.950424
1 0.977146
1 0.985161
1 0.987204
1 0.960338
1 0.976443
1 0.934868
1 0.942344
1 0.993096
1 0.996868
1 0.994583
1 0.987172
1 0.956252
1 0.985531
0 0.085667
0 0.203720
0 0.123585
0 0.226451
0 0.207606
0 0.246185
0 0.214285
0 0.223312
0 0.267587
0 0.198045
0 0.244849
0 0.120091
0 0.219248
0 0.104134
0 0.173153
0 0.258470
0 0.252123
0 0.206353
0 0.546940
0 0.544093
0 0.268100
0 0.544679
0 0.466582
0 0.267698
0 0.394015
0 0.514530
0 0.277965
0 0.276626
0 0.297047
0 0.450289
0 0.454555
1 0.363152
1 0.348852
1 0.211032
1 0.387161
1 0.219502
1 0.241425
1 0.227025
1 0.145691
1 0.201257
1 0.129112
1 0.559751
1 0.804301
1 0.971433
1 0.859760
1 0.968560
1 0.701479
1 0.834803
1 0.842809
1 0.850206
1 0.694487
1 0.404738
1 0.310487
1 0.276477
1 0.367005
1 0.186440
1 0.331856
1 0.270350
1 0.186542
1 0.284344
1 0.343709
1 0.898617
1 0.878800
1 0.834133
1 0.681433
1 0.410354
1 0.756014
1 0.905301
1 0.410354
1 0.683817
1 0.761007
1 0.990611
1 0.998916
1 0.994143
1 0.999689
1 0.999717
1 0.996917
1 0.997764
1 0.995272
1 0.998491
1 0.994837
0 0.074142
0 0.475056
0 0.475436
0 0.562832
0 0.152148
0 0.149960
0 0.249009
0 0.224680
0 0.825782
0 0.242168
0 0.426145
0 0.258367
0 0.200980
0 0.299171
0 0.158864
0 0.144989
0 0.196618
0 0.133917
0 0.172539
0 0.318786
0 0.145948
0 0.132869
0 0.267153
0 0.194589
0 0.259689
0 0.159503
0 0.231631
0 0.128524
0 0.128524
0 0.251583
0 0.206301
0 0.120252
0 0.183154
0 0.166855
0 0.232817
0 0.172509
1 0.493921
1 0.580815
1 0.522024
1 0.495755
1 0.301519
1 0.594365
1 0.483066
1 0.543781
1 0.320131
1 0.576901
1 0.986957
1 0.974426
1 0.924778
1 0.979726
1 0.993970
1 0.896248
1 0.852077
1 0.970197
1 0.995545
1 0.957602
1 0.964800
1 0.993774
1 0.917745
1 0.754530
1 0.892604
1 0.958088
1 0.861145
1 0.938120
1 0.781667
1 0.843961
1 0.983388
1 0.967581
1 0.904365
1 0.968349
1 0.989946
1 0.999959
1 0.989517
1 0.973125
1 0.999220
1 0.994143
0 0.315292
0 0.315127
0 0.365456
0 0.315849
0 0.372538
0 0.367202
0 0.286661
0 0.446323
0 0.492423
0 0.327188
0 0.299642
0 0.312507
0 0.218165
0 0.328648
0 0.360836
0 0.285862
0 0.278353
0 0.332315
0 0.264111
0 0.254784
0 0.333891
0 0.388895
0 0.337892
0 0.372787
0 0.370039
0 0.439972
0 0.340870
0 0.376971
0 0.342619
0 0.279388
0 0.358109
0 0.335215
0 0.443710
0 0.303108
0 0.352169
0 0.724856
0 0.428370
0 0.288084
0 0.319271
0 0.262671
0 0.318001
0 0.376487
0 0.515620
0 0.482555
0 0.347474
0 0.513765
0 0.553519
0 0.402053
0 0.433052
0 0.518027
0 0.503606
0 0.331240
0 0.498861
0 0.535132
0 0.687150
1 0.996686
0 0.379132
0 0.342735
1 0.995990
0 0.332165
1 0.832610
1 0.997974
1 0.921631
1 0.881031
1 0.988121
1 0.990090
1 0.885805
1 0.960734
1 0.607401
1 0.995354
1 0.722641
1 0.778436
1 0.542754
1 0.759602
1 0.583191
1 0.393818
1 0.570018
1 0.651553
1 0.702141
1 0.556845
0 0.224090
0 0.611168
0 0.500441
0 0.473772
0 0.360733
0 0.453685
0 0.537565
0 0.685006
0 0.633191
0 0.497304
0 0.457344
0 0.747897
0 0.439948
0 0.626846
0 0.362470
0 0.463551
0 0.465266
0 0.602608
0 0.560835
0 0.475509
0 0.633478
0 0.423459
0 0.493783
0 0.411536
0 0.563535
0 0.476823
0 0.484280
0 0.572395
0 0.475997
0 0.625504
0 0.472929
0 0.464116
0 0.508038
0 0.460465
0 0.565938
0 0.497349
0 0.365060
0 0.595645
0 0.611103
0 0.475378
0 0.454824
1 0.749017
1 0.704689
1 0.733512
1 0.993776
1 0.998362
1 0.999724
1 0.997539
1 0.990463
1 0.996074
1 0.996217
1 0.994222
1 0.989566
1 0.990535
1 0.679441
1 0.584305
1 0.724693
1 0.595827
1 0.601478
1 0.667306
0 0.555966
0 0.874959
0 0.598362
0 0.599284
0 0.904523
0 0.782000
0 0.850728
0 0.786720
0 0.825269
0 0.755664
0 0.882523
0 0.961115
0 0.887554
0 0.963349
0 0.856872
0 0.974110
0 0.852413
0 0.764547
0 0.973804
0 0.883328
0 0.918991
0 0.932277
0 0.885898
0 0.923401
0 0.816800
0 0.988557
0 0.903845
0 0.836060
0 0.914813
0 0.975522
0 0.701636
0 0.819043
0 0.819336
0 0.710348
0 0.894637
0 0.741519
0 0.858559
0 0.912839
0 0.830237
0 0.698654
1 0.884870
1 0.823043
1 0.787439
1 0.781907
1 0.837330
1 0.909587
1 0.826270
1 0.875462
1 0.983149
1 0.657564
1 0.998006
1 0.960275
1 0.638606
1 0.992304
1 0.922970
1 0.398237
1 0.818498
1 0.692637
1 0.742212
1 0.580549
1 0.459198
1 0.747951
1 0.600518
1 0.802465
1 0.483676
1 0.471055
0 0.830596
0 0.925252
0 0.746483
0 0.733706
0 0.764811
0 0.709279
0 0.790707
0 0.736077
0 0.860269
0 0.614716
0 0.201755
0 0.488918
0 0.459145
0 0.441382
0 0.417367
0 0.470209
0 0.464714
0 0.476749
0 0.458878
0 0.449575
0 0.590406
0 0.510142
0 0.551206
0 0.625473
0 0.497149
0 0.553311
0 0.581429
0 0.600022
0 0.482936
0 0.521498
0 0.505019
0 0.485303
0 0.445644
0 0.625431
0 0.466155
0 0.511665
0 0.513145
0 0.572406
0 0.511438
0 0.391285
0 0.428036
0 0.491360
0 0.536130
0 0.541682
0 0.533601
0 0.455717
0 0.465774
0 0.503057
0 0.525602
0 0.577884
0 0.477654
1 0.841992
1 0.754712
1 0.883694
1 0.901829
1 0.773662
1 0.916237
1 0.884088
1 0.716480
1 0.727792
1 0.754671
1 0.819314
1 0.569551
1 0.642918
1 0.594331
1 0.843165
1 0.643733
1 0.741432
1 0.703644
1 0.588540
1 0.619826
1 0.868580
1 0.486839
1 0.677379
1 0.819957
1 0.759600
1 0.909532
1 0.722459
1 0.561988
1 0.591132
1 0.976379
1 0.811110
1 0.622294
1 0.747801
1 0.696231
1 0.525352
1 0.589324
1 0.781740
1 0.523603
1 0.548706
1 0.590381
0 0.060827
0 0.155686
0 0.178120
0 0.225478
0 0.091613
0 0.152281
0 0.105521
0 0.124887
0 0.150600
0 0.127669
0 0.126791
0 0.097986
0 0.123433
0 0.098918
0 0.104169
0 0.097741
0 0.149750
0 0.082525
0 0.099033
0 0.098262
0 0.198703
0 0.119342
0 0.107749
0 0.112912
0 0.114808
0 0.121241
0 0.105022
0 0.120190
0 0.107894
0 0.169886
0 0.128902
1 0.069987
1 0.108634
1 0.093498
1 0.132404
1 0.153711
1 0.106313
1 0.136895
1 0.085936
1 0.091197
1 0.114416
0 0.166206
0 0.168986
0 0.198632
0 0.141129
0 0.147786
0 0.110480
0 0.209368
0 0.124108
0 0.120113
0 0.130963
1 0.551356
1 0.708611
1 0.676579
1 0.779259
1 0.895898
1 0.506934
1 0.620256
1 0.521922
1 0.913667
1 0.518080
0 0.174463
0 0.182362
0 0.195967
0 0.264694
0 0.144264
0 0.321681
0 0.237842
0 0.262822
0 0.175878
0 0.146457
1 0.167425
1 0.178796
1 0.156030
1 0.273299
1 0.151542
1 0.118870
1 0.129436
1 0.324805
1 0.181229
1 0.201735
0 0.100005
0 0.235354
0 0.237726
0 0.176284
0 0.338244
0 0.201124
0 0.414747
0 0.285175
0 0.316069
0 0.309870
0 0.147415
0 0.350549
0 0.257966
0 0.370103
0 0.225224
0 0.297061
0 0.231036
0 0.414284
0 0.481003
0 0.487725
0 0.203989
0 0.152990
0 0.598853
0 0.364033
0 0.321181
0 0.464973
0 0.213604
0 0.186904
0 0.356874
0 0.326490
0 0.268638
0 0.273357
0 0.154640
0 0.219663
0 0.234315
0 0.409773
0 0.240937
0 0.138174
0 0.258497
0 0.291928
0 0.182940
1 0.610117
1 0.675499
1 0.489777
1 0.422898
1 0.313885
1 0.361473
1 0.247937
1 0.353108
1 0.442689
1 0.202662
1 0.596071
1 0.531906
1 0.466257
1 0.430901
1 0.809509
1 0.512226
1 0.800947
1 0.515002
1 0.289818
1 0.400697
1 0.670690
1 0.244527
1 0.423868
1 0.478543
1 0.564274
1 0.455202
1 0.532845
1 0.516359
1 0.606939
1 0.432362
1 0.412825
1 0.407404
1 0.487533
1 0.661543
1 0.310438
1 0.385302
1 0.329342
1 0.447517
1 0.442506
1 0.440894
0 0.172358
0 0.120681
0 0.143043
0 0.158405
0 0.123739
0 0.131955
0 0.109334
0 0.167814
0 0.145262
0 0.169032
0 0.168362
0 0.197205
0 0.220275
0 0.274413
0 0.276024
0 0.229934
0 0.193624
0 0.222748
0 0.183762
0 0.165583
0 0.124859
0 0.160064
0 0.156182
0 0.172340
0 0.206268
0 0.146510
0 0.153813
0 0.197869
0 0.158149
0 0.143674
0 0.173593
0 0.128615
0 0.155899
0 0.217541
0 0.146947
0 0.148644
0 0.170242
0 0.159049
0 0.351096
0 0.192044
0 0.159477
1 0.990513
1 0.733321
1 0.989711
1 0.462357
1 0.994000
1 0.969212
1 0.432489
1 0.995193
1 0.998935
1 0.975582
1 0.624379
1 0.509515
1 0.554385
1 0.807377
1 0.596774
1 0.520042
1 0.542722
1 0.875591
1 0.935648
1 0.698940
1 0.664684
1 0.830266
1 0.696560
1 0.740125
1 0.871587
1 0.669944
1 0.706883
1 0.692513
1 0.779623
1 0.659712
1 0.798196
1 0.688103
1 0.815896
1 0.871470
1 0.791536
1 0.717009
1 0.806506
0 0.100077
0 0.397115
0 0.327914
0 0.460181
0 0.323502
0 0.386796
0 0.371809
0 0.270727
0 0.288737
0 0.161912
0 0.413204
0 0.141854
0 0.147970
0 0.235609
0 0.142613
0 0.092582
0 0.223270
0 0.152033
0 0.124997
0 0.132648
0 0.157096
0 0.139502
0 0.134198
0 0.126559
0 0.162409
0 0.238132
0 0.210225
0 0.142787
0 0.277635
0 0.205568
0 0.213980
0 0.242691
0 0.165332
0 0.223613
0 0.263680
0 0.209470
0 0.166490
0 0.225236
0 0.161116
0 0.171575
0 0.146991
1 0.378958
1 0.617722
1 0.809045
1 0.347959
1 0.580994
1 0.899721
1 0.766019
1 0.776564
1 0.664903
1 0.490995
1 0.994787
1 0.993290
1 0.998841
1 0.990504
1 0.995256
1 0.988281
1 0.819210
1 0.875039
1 0.516376
1 0.792671
1 0.388696
1 0.663854
1 0.750439
1 0.723062
1 0.829464
1 0.813822
1 0.996652
1 0.224696
1 0.974698
1 0.496650
1 0.950900
1 0.851692
1 0.991737
1 0.980186
1 0.995268
1 0.994360
0 0.038105
0 0.191246
0 0.144320
0 0.137697
0 0.153542
0 0.131604
0 0.111174
0 0.099305
0 0.085259
0 0.200907
0 0.187628
0 0.114711
0 0.111499
0 0.143122
0 0.168507
0 0.085947
0 0.130588
0 0.101951
0 0.134569
0 0.110258
0 0.116478
0 0.288377
0 0.183592
0 0.145958
0 0.122744
0 0.190944
0 0.081760
0 0.167549
0 0.092465
0 0.092898
0 0.081336
0 0.146531
0 0.095533
0 0.108437
0 0.168508
0 0.173438
0 0.157971
0 0.126896
0 0.106261
0 0.210561
0 0.265809
1 0.370853
1 0.225746
1 0.092154
1 0.474310
1 0.312891
1 0.314087
1 0.423014
1 0.179629
1 0.316802
1 0.183821
1 0.482998
1 0.362565
1 0.536784
1 0.397548
1 0.470870
1 0.595514
1 0.477783
1 0.227631
1 0.575407
1 0.358328
0 0.116526
0 0.143623
0 0.165804
0 0.120911
0 0.121516
0 0.083041
0 0.237625
0 0.142538
0 0.207424
0 0.206014
1 0.302467
1 0.201475
1 0.106646
1 0.257612
1 0.147171
1 0.189235
1 0.451143
1 0.245614
1 0.103248
1 0.240493
0 0.014265
0 0.018239
0 0.019175
0 0.011863
0 0.028752
0 0.034350
0 0.026931
0 0.020453
0 0.030892
0 0.022287
0 0.029806
0 0.031385
0 0.022441
0 0.025186
0 0.023850
0 0.017894
0 0.032686
0 0.024698
0 0.019296
0 0.023833
0 0.027575
0 0.023084
0 0.025435
0 0.015703
0 0.024976
0 0.021623
0 0.017940
0 0.017008
0 0.017196
0 0.031318
0 0.021668
0 0.017229
0 0.024386
0 0.035755
0 0.031712
0 0.020247
0 0.067357
0 0.073655
0 0.029342
0 0.030432
0 0.066719
0 0.032927
0 0.020336
0 0.028426
0 0.015674
0 0.027605
0 0.043452
0 0.035378
0 0.024256
0 0.024841
0 0.036207
0 0.027498
0 0.025860
0 0.019706
0 0.027945
0 0.025511
0 0.033565
0 0.025338
0 0.031681
0 0.031593
0 0.019589
1 0.047766
1 0.172228
1 0.240440
1 0.098212
1 0.151147
1 0.246793
1 0.770686
1 0.626131
1 0.112331
1 0.187624
0 0.267995
0 0.318911
0 0.599913
0 0.367372
0 0.869304
0 0.414478
0 0.555658
0 0.348433
0 0.412925
0 0.338630
0 0.306072
0 0.394539
0 0.348707
0 0.256166
0 0.271003
0 0.336700
0 0.388775
0 0.388079
0 0.377358
0 0.338390
0 0.417479
0 0.395316
0 0.330309
0 0.335331
0 0.341008
0 0.331463
0 0.318751
0 0.422775
0 0.328022
0 0.516474
0 0.434830
0 0.343995
0 0.309814
0 0.356855
0 0.316799
0 0.463150
0 0.357601
0 0.423772
0 0.493518
0 0.338207
0 0.433821
1 0.599413
1 0.524568
1 0.503074
1 0.416473
1 0.625123
1 0.524706
1 0.689243
1 0.417958
1 0.670974
1 0.440806
1 0.862992
1 0.733149
1 0.482393
1 0.876588
1 0.832381
1 0.741976
1 0.878022
1 0.762086
1 0.945400
1 0.783243
1 0.940548
1 0.989756
1 0.439127
1 0.700713
1 0.508256
1 0.706547
1 0.455111
1 0.732774
1 0.889661
1 0.954260
1 0.577110
1 0.868561
1 0.956395
1 0.720065
1 0.522433
1 0.973702
1 0.907503
1 0.923905
1 0.872446
1 0.859497
0 0.131314
0 0.157083
0 0.180724
0 0.173588
0 0.204278
0 0.156266
0 0.201320
0 0.201630
0 0.193630
0 0.173849
0 0.169330
0 0.198427
0 0.194495
0 0.200849
0 0.149486
0 0.154502
0 0.202974
0 0.270085
0 0.233577
0 0.168155
0 0.149843
0 0.153519
0 0.163152
0 0.200072
0 0.160493
0 0.173346
0 0.138939
0 0.138006
0 0.208401
0 0.136118
0 0.164533
0 0.200566
0 0.183806
0 0.197881
0 0.163909
0 0.181070
0 0.132921
0 0.154080
0 0.178953
0 0.168115
0 0.162406
0 0.313074
0 0.169021
0 0.212486
0 0.256978
0 0.196522
0 0.197823
0 0.174987
0 0.283907
0 0.235780
0 0.267173
1 0.229262
1 0.263971
1 0.388354
1 0.363847
1 0.271036
1 0.235144
1 0.201441
1 0.271950
1 0.225695
1 0.189630
1 0.274843
1 0.248388
1 0.220408
1 0.223385
1 0.211419
1 0.181950
1 0.273139
1 0.255612
1 0.254870
1 0.238651
1 0.320415
1 0.384604
1 0.404785
1 0.352309
1 0.403726
1 0.283599
1 0.334388
1 0.343834
1 0.354113
1 0.329824
0 0.130367
0 0.198484
0 0.190526
0 0.236366
0 0.169120
0 0.196101
0 0.156267
0 0.176360
0 0.283529
0 0.208324
0 0.150635
0 0.190169
0 0.216284
0 0.185626
0 0.140193
0 0.122286
0 0.247276
0 0.147558
0 0.146766
0 0.211793
0 0.155029
0 0.160719
0 0.295978
0 0.234803
0 0.271149
0 0.161597
0 0.359071
0 0.191009
0 0.226381
0 0.255189
0 0.220602
0 0.229887
0 0.132727
0 0.232567
0 0.143301
0 0.137320
0 0.145120
0 0.144151
0 0.141225
0 0.220459
0 0.178488
1 0.990903
1 0.993497
1 0.956930
1 0.976849
1 0.972848
1 0.984163
1 0.989321
1 0.988866
1 0.936458
1 0.994792
1 0.472156
1 0.399039
0 0.360347
1 0.476954
1 0.374529
1 0.341084
1 0.426405
1 0.321651
1 0.355857
1 0.421651
1 0.461730
1 0.336651
1 0.334405
1 0.417394
0 0.038801
0 0.034396
0 0.051672
0 0.064703
0 0.074529
0 0.070604
0 0.089426
0 0.040789
0 0.054210
0 0.037894
0 0.041239
0 0.024868
0 0.061638
0 0.047295
0 0.048092
0 0.063521
0 0.087045
0 0.079714
0 0.034317
0 0.040371
0 0.028121
0 0.181974
0 0.082645
0 0.066628
0 0.100663
0 0.094643
0 0.125043
0 0.063753
0 0.104596
0 0.146622
0 0.063205
0 0.107838
0 0.060816
0 0.036821
0 0.113112
0 0.041720
0 0.042515
0 0.042737
0 0.042515
0 0.064045
0 0.137061
1 0.128263
1 0.131951
1 0.255417
1 0.118234
1 0.171596
1 0.101851
1 0.155333
1 0.205376
1 0.180681
1 0.166692
0 0.091952
0 0.038793
0 0.155464
0 0.156182
0 0.108499
0 0.051688
0 0.050178
0 0.046049
0 0.041071
0 0.091216
1 0.111064
1 0.094338
1 0.122841
1 0.114046
1 0.076164
1 0.083803
1 0.104702
1 0.153581
1 0.126801
1 0.088894
1 0.431386
1 0.358857
1 0.195622
1 0.680892
1 0.208959
1 0.347917
1 0.438661
1 0.564639
1 0.294877
1 0.254720
0 0.195802
0 0.410362
0 0.381832
0 0.327976
0 0.323664
0 0.319955
0 0.506435
0 0.395631
0 0.407040
0 0.434239
0 0.430233
0 0.292627
0 0.328923
0 0.456220
0 0.485907
0 0.435195
0 0.389847
0 0.451320
0 0.278863
0 0.424370
0 0.425792
0 0.437589
0 0.396183
0 0.421737
0 0.353305
0 0.387928
0 0.490791
0 0.310679
0 0.392203
0 0.263169
0 0.286461
0 0.264247
0 0.419882
0 0.269203
0 0.536684
0 0.358190
0 0.389268
0 0.313671
0 0.403485
1 0.524404
1 0.485117
0 0.449309
1 0.800133
1 0.566812
0 0.476843
0 0.448766
1 0.499098
0 0.389354
1 0.506208
0 0.340357
0 0.293213
0 0.404110
0 0.196148
0 0.331195
0 0.389799
0 0.330053
0 0.385890
0 0.377783
0 0.350254
0 0.276628
0 0.450547
0 0.412438
0 0.334972
0 0.564516
0 0.315574
0 0.399237
0 0.348789
0 0.412269
0 0.452834
1 0.606052
1 0.538825
1 0.541004
0 0.402660
1 0.656005
1 0.676118
1 0.640262
1 0.645489
0 0.454422
1 0.857483
1 0.788529
1 0.790146
1 0.510457
1 0.914618
0 0.772881
0 0.901914
0 0.709541
0 0.533051
0 0.715004
0 0.678531
0 0.766778
0 0.925996
0 0.842021
0 0.656491
1 0.935227
0 0.896346
1 0.659387
1 0.993521
1 0.781807
1 0.682990
1 0.993481
1 0.769286
1 0.993731
1 0.993215
1 0.993917
1 0.992304
1 0.503739
1 0.589020
1 0.521309
1 0.474834
1 0.445116
1 0.496105
1 0.520624
1 0.475034
1 0.309046
1 0.590899
1 0.705501
1 0.993565
1 0.993471
1 0.946936
1 0.993432
1 0.994030
1 0.992933
1 0.993778
1 0.992892
1 0.968380
1 0.893731
0 0.853835
1 0.836137
0 0.769653
0 0.853678
1 0.617572
1 0.733373
1 0.891276
1 0.584371
1 0.556981
1 0.694105
1 0.548986
1 0.460579
1 0.348701
1 0.996476
0 0.705046
0 0.950989
0 0.975548
0 0.933137
1 0.956984
0 0.877374
0 0.697562
0 0.938384
0 0.854308
0 0.928894
0 0.824215
0 0.863666
0 0.936803
0 0.894000
0 0.947304
0 0.968479
0 0.902318
0 0.977593
0 0.906881
0 0.931818
0 0.894610
0 0.949830
0 0.882205
0 0.926945
0 0.870527
0 0.920497
0 0.953993
0 0.935698
0 0.793979
0 0.906119
0 0.899620
0 0.745036
0 0.878942
1 0.999649
1 0.996505
1 0.997933
1 0.995606
1 0.963088
1 0.998425
1 0.966064
1 0.973739
1 0.926581
1 0.875667
1 0.996228
1 0.998510
1 0.957267
1 0.961527
1 0.929821
1 0.736317
1 0.725812
0 0.808247
0 0.951835
0 0.905197
0 0.239174
0 0.302520
0 0.474300
0 0.463121
0 0.554723
0 0.472747
0 0.377935
0 0.350831
0 0.472920
0 0.416060
0 0.426769
0 0.304926
0 0.495785
0 0.416232
0 0.387753
0 0.533203
0 0.399232
0 0.313259
0 0.422589
0 0.305772
0 0.447835
0 0.409947
0 0.307571
0 0.390229
0 0.362500
0 0.316957
0 0.372829
0 0.463404
0 0.318998
0 0.380655
0 0.313761
0 0.443150
0 0.344881
0 0.384353
0 0.434024
0 0.499069
0 0.461983
0 0.335460
0 0.448240
0 0.290741
1 0.455200
1 0.531381
1 0.546346
1 0.477659
1 0.505478
1 0.432435
1 0.407990
1 0.418495
1 0.395526
1 0.490717
1 0.361788
1 0.467195
1 0.380973
1 0.421498
1 0.198151
1 0.382302
1 0.362741
1 0.316486
1 0.343218
1 0.272781
1 0.737713
1 0.753120
1 0.673379
1 0.759889
1 0.537817
1 0.468330
1 0.720686
1 0.658362
1 0.442310
1 0.674780
1 0.406310
1 0.571782
0 0.282180
0 0.469129
0 0.577749
0 0.452422
0 0.557983
0 0.398438
0 0.452752
0 0.410086
0 0.614480
0 0.434176
0 0.513517
0 0.420640
0 0.407315
0 0.272153
0 0.405177
0 0.322841
0 0.376335
0 0.437868
0 0.300329
0 0.573529
0 0.305915
0 0.511426
0 0.410123
0 0.354391
0 0.461868
0 0.618251
0 0.416773
0 0.500588
0 0.529362
0 0.402745
0 0.531808
1 0.329094
1 0.504907
1 0.303708
1 0.416181
1 0.324660
1 0.387489
1 0.280333
1 0.379785
1 0.519917
1 0.218325
1 0.521991
1 0.453122
1 0.554504
1 0.606929
1 0.655734
1 0.503015
1 0.353461
1 0.531192
1 0.370563
1 0.378244
0 0.267977
0 0.329499
0 0.408245
0 0.426642
0 0.552927
0 0.556582
0 0.303279
0 0.430134
0 0.414365
1 0.611625
1 0.442092
1 0.713088
1 0.487809
1 0.689687
1 0.564126
1 0.661262
1 0.376367
1 0.531163
1 0.373798
0 0.180008
1 0.995892
1 0.969800
1 0.461440
1 0.983896
1 0.954313
1 0.996290
1 0.987339
1 0.982437
1 0.877451
1 0.954740
1 0.956501
1 0.987363
1 0.863942
1 0.860642
0 0.545727
0 0.622543
1 0.679863
0 0.728980
1 0.329980
1 0.534037
1 0.607830
1 0.779350
1 0.984783
1 0.953672
1 0.960879
1 0.828483
1 0.723523
1 0.884824
1 0.994587
1 0.883908
1 0.976805
1 0.966828
1 0.985682
1 0.996912
1 0.959350
1 0.975981
1 0.986653
1 0.997681
1 0.996889
1 0.997930
1 0.999995
1 0.989246
1 0.988190
1 0.991182
1 0.987550
1 0.996046
1 0.990544
1 0.989643
1 0.999526
1 0.999976
1 0.999972
1 0.999973
1 0.999606
1 0.999980
1 0.999787
1 0.999694
1 0.999969
1 0.999885
1 0.994743
1 0.987315
1 0.979281
1 0.990800
1 0.991255
1 0.996593
1 0.995101
1 0.995382
1 0.974581
1 0.991366
0 0.112600
1 0.771505
0 0.345308
0 0.655550
0 0.557073
0 0.322504
0 0.428146
0 0.355318
0 0.212763
0 0.610216
0 0.230255
0 0.215123
0 0.354976
0 0.260413
0 0.215473
0 0.351236
0 0.417792
0 0.692522
0 0.217906
0 0.219264
0 0.438462
0 0.227889
0 0.226791
0 0.218358
0 0.256319
1 0.996078
1 0.960956
1 0.997483
1 0.695374
1 0.992665
1 0.701535
1 0.946329
1 0.940693
1 0.999281
1 0.938240
1 0.996819
1 0.827651
1 0.995214
1 0.950126
1 0.990508
1 0.996845
1 0.994860
1 0.991660
1 0.987613
1 0.995999
1 0.998068
1 0.986708
1 0.979409
1 0.998062
1 0.962122
1 0.959684
1 0.981714
1 0.992046
1 0.990347
1 0.944579
1 0.989909
1 0.997811
1 0.969430
1 0.997743
1 0.997835
1 0.976973
1 0.993894
1 0.996211
1 0.995858
1 0.985644
1 0.946759
1 0.991211
1 0.992372
1 0.998643
0 0.247502
0 0.330758
0 0.219806
0 0.260843
0 0.282200
0 0.308418
0 0.352823
0 0.367270
0 0.268292
0 0.295160
0 0.223528
0 0.329705
0 0.338400
0 0.369592
0 0.245914
0 0.237939
0 0.226025
0 0.232966
0 0.219710
0 0.236819
0 0.312256
0 0.175397
0 0.215467
0 0.306201
0 0.291524
0 0.205505
0 0.246321
0 0.256542
0 0.470761
0 0.234057
0 0.220753
0 0.221976
0 0.218263
0 0.223591
0 0.187042
0 0.476234
0 0.217840
0 0.278680
0 0.282174
0 0.184376
0 0.196643
1 0.289674
1 0.267628
1 0.330923
1 0.271215
1 0.263331
1 0.311616
1 0.354455
1 0.313378
1 0.318216
1 0.256740
1 0.952254
1 0.995479
1 0.958078
1 0.901847
1 0.951979
1 0.938624
1 0.971893
1 0.974256
1 0.992947
1 0.955509
0 0.255572
0 0.291682
0 0.377131
0 0.406501
0 0.207285
0 0.192539
0 0.211227
0 0.186512
0 0.202383
0 0.194736
1 0.280509
1 0.306583
1 0.581589
1 0.338125
1 0.592942
1 0.538314
1 0.457861
1 0.257334
1 0.402340
1 0.479187
0 0.068639
0 0.203188
0 0.186661
0 0.157265
0 0.170588
0 0.229806
0 0.214291
0 0.193043
0 0.177612
0 0.213340
0 0.228188
0 0.263254
0 0.200311
0 0.184266
0 0.261777
0 0.193775
0 0.330087
0 0.200825
0 0.183073
0 0.185496
0 0.205672
0 0.164260
0 0.290094
0 0.155168
0 0.230450
0 0.274149
0 0.183584
0 0.187100
0 0.186436
0 0.314852
0 0.162583
0 0.327152
0 0.491818
0 0.221208
0 0.219317
0 0.240646
0 0.510060
0 0.352134
1 0.715448
1 0.681370
1 0.717914
1 0.647001
1 0.637145
1 0.624945
1 0.645737
1 0.753347
1 0.593120
1 0.799867
1 0.279506
1 0.359262
1 0.294057
1 0.509136
1 0.475995
1 0.293093
1 0.312867
1 0.323502
1 0.493057
1 0.292206
1 0.465145
1 0.523957
1 0.621342
1 0.765530
1 0.505178
1 0.594027
1 0.862560
1 0.473305
1 0.746116
1 0.821760
0 0.176100
0 0.382404
0 0.276420
0 0.214146
0 0.289663
0 0.268837
0 0.309806
0 0.436963
0 0.191702
0 0.279201
0 0.312507
0 0.360830
0 0.291831
0 0.362047
0 0.241009
0 0.245524
0 0.204901
0 0.425393
0 0.215058
0 0.393225
0 0.232039
0 0.274515
0 0.238897
0 0.280333
0 0.237759
0 0.204438
0 0.298536
0 0.367590
0 0.260014
0 0.257069
0 0.345186
0 0.242643
0 0.394809
0 0.529663
0 0.212720
0 0.455740
0 0.341453
0 0.351978
0 0.450102
0 0.193114
0 0.635365
0 0.217232
0 0.592610
0 0.260887
0 0.359229
0 0.437132
0 0.491731
0 0.458871
0 0.234839
0 0.359651
0 0.227896
1 0.959692
1 0.982590
0 0.362946
0 0.422319
0 0.255839
1 0.967820
0 0.341826
0 0.321579
0 0.263225
0 0.227835
0 0.331865
0 0.247567
1 0.999846
1 0.974540
1 0.998408
1 0.998926
1 0.976406
1 0.999879
1 0.998497
1 0.999387
1 0.996638
1 0.999262
0 0.113782
0 0.157147
0 0.295501
0 0.262178
0 0.206015
0 0.245895
0 0.245877
0 0.119457
0 0.352316
0 0.229492
0 0.295679
0 0.140639
0 0.154314
0 0.206594
0 0.229092
0 0.215590
0 0.307166
0 0.225323
0 0.222512
0 0.315690
0 0.208111
0 0.197874
0 0.206078
0 0.142055
0 0.166189
0 0.188612
0 0.208025
0 0.173877
0 0.136041
0 0.151795
0 0.234329
0 0.171239
0 0.148134
0 0.243697
0 0.172502
0 0.158725
0 0.179014
0 0.179755
0 0.140964
0 0.100710
0 0.136264
1 0.416076
1 0.749222
1 0.990053
1 0.891647
1 0.996936
1 0.998596
1 0.424170
1 0.989833
1 0.949328
1 0.650891
1 0.127191
1 0.151431
1 0.123008
1 0.179749
1 0.079013
1 0.130609
1 0.171043
1 0.072081
1 0.078727
1 0.071477
1 0.761409
1 0.620878
1 0.893920
1 0.577424
1 0.849625
1 0.824961
1 0.764849
1 0.792371
1 0.595869
1 0.731197
1 0.494213
1 0.478602
1 0.208134
1 0.563526
1 0.193810
1 0.485602
1 0.598638
1 0.302590
0 0.130205
0 0.214392
0 0.205982
0 0.300380
0 0.225843
0 0.232266
0 0.269395
0 0.243908
0 0.202903
0 0.234268
0 0.319228
0 0.283708
0 0.288238
0 0.204032
0 0.193837
0 0.245356
0 0.320482
0 0.187644
0 0.230477
0 0.368411
0 0.278455
0 0.205456
0 0.138822
0 0.490186
0 0.197415
0 0.148038
0 0.159808
0 0.232917
0 0.217221
0 0.373593
0 0.184118
0 0.152622
0 0.218581
0 0.178357
0 0.191923
0 0.153212
0 0.129590
0 0.203676
0 0.182213
0 0.299731
0 0.178207
1 0.302059
1 0.215692
1 0.119383
1 0.255415
1 0.165991
1 0.228264
1 0.085610
1 0.219644
1 0.140060
1 0.173448
1 0.131205
1 0.105630
1 0.175682
1 0.116080
1 0.172451
1 0.143254
1 0.129282
1 0.143455
1 0.129043
1 0.219561
1 0.667405
1 0.722412
1 0.742829
1 0.622008
1 0.180710
1 0.706197
1 0.377654
1 0.296675
1 0.806549
1 0.235285
0 0.146355
0 0.406583
0 0.369650
0 0.341144
0 0.685164
0 0.390022
0 0.384644
0 0.352385
0 0.509326
0 0.417977
0 0.478568
0 0.281561
0 0.206683
0 0.435612
0 0.244437
0 0.242992
0 0.204346
0 0.309222
0 0.259151
0 0.210449
0 0.279706
0 0.223457
0 0.265768
0 0.248570
0 0.244406
0 0.253697
0 0.236732
0 0.328538
0 0.186232
0 0.196565
0 0.329676
0 0.512817
0 0.293429
0 0.388691
0 0.303889
0 0.272499
0 0.282988
0 0.258929
0 0.368613
0 0.331719
1 0.999993
1 0.999570
1 0.999961
1 0.999996
1 0.999998
1 0.999701
1 0.999982
1 0.999908
1 0.999989
1 0.999998
1 0.930845
1 0.949831
1 0.886486
1 0.935647
1 0.997015
1 0.854354
1 0.630089
1 0.931360
1 0.971021
1 0.996970
1 0.996965
1 0.999108
1 0.995458
1 0.996453
1 0.998941
1 0.997818
1 0.998486
1 0.997205
1 0.993086
1 0.997983
1 0.988186
1 0.996816
1 0.998146
1 0.992522
1 0.998072
1 0.995337
1 0.995185
1 0.996974
1 0.996347
1 0.988075
0 0.184252
0 0.405555
0 0.606373
0 0.458113
0 0.349336
0 0.460189
0 0.440657
0 0.523406
0 0.302464
0 0.435600
0 0.453161
0 0.268254
0 0.359791
0 0.433766
0 0.405954
0 0.546216
0 0.312294
0 0.311444
0 0.430932
0 0.342434
1 0.535992
1 0.464932
1 0.513087
1 0.513466
1 0.475687
1 0.519872
1 0.507506
1 0.525030
1 0.404511
1 0.483604
1 0.999960
1 0.999296
1 0.994505
1 0.998050
1 0.996383
1 0.996617
1 0.929602
1 0.999956
1 0.999899
1 0.991747
1 0.523146
1 0.837756
1 0.348120
1 0.474527
1 0.778221
1 0.496861
1 0.607967
1 0.570065
1 0.706899
1 0.385798
1 0.999567
1 0.998494
1 0.994095
1 0.994863
1 0.983725
1 0.997999
1 0.993950
1 0.997348
1 0.996163
1 0.988400
1 0.425317
1 0.467611
1 0.637768
1 0.519558
1 0.548495
1 0.575236
1 0.541796
1 0.536265
1 0.618706
1 0.493301
0 0.157595
1 0.666488
1 0.603771
1 0.464392
0 0.333533
1 0.571234
1 0.499138
1 0.707294
1 0.694347
1 0.719984
1 0.875263
1 0.654055
1 0.959898
1 0.992859
1 0.985243
1 0.997220
1 0.995455
1 0.994335
1 0.999771
1 0.995470
1 0.991325
1 0.992212
1 0.993534
1 0.998235
1 0.979550
1 0.993414
1 0.996597
1 0.985889
1 0.999389
1 0.978005
1 0.997957
1 0.996054
1 0.990492
1 0.998492
1 0.997659
1 0.986686
1 0.976376
1 0.989014
1 0.998560
1 0.993464
1 0.995509
1 0.955238
1 0.986138
1 0.998686
1 0.993212
1 0.990801
1 0.989743
1 0.994892
1 0.993506
1 0.991725
1 0.943133
1 0.900468
1 0.996682
0 0.072546
0 0.185948
0 0.115170
0 0.127069
0 0.146372
0 0.166357
0 0.103090
0 0.147753
0 0.164955
0 0.200262
0 0.155453
0 0.172369
0 0.139702
0 0.131611
0 0.156546
0 0.182319
0 0.186258
0 0.146784
0 0.143139
0 0.194214
0 0.092521
0 0.094880
0 0.130387
0 0.127941
0 0.111261
0 0.126179
0 0.170315
0 0.102971
0 0.144704
0 0.111694
0 0.103055
0 0.118504
0 0.104653
0 0.104300
0 0.098577
0 0.126543
0 0.089509
0 0.093074
0 0.151583
0 0.109440
0 0.105748
1 0.130992
1 0.123842
1 0.104759
1 0.121086
1 0.116059
1 0.141704
1 0.177176
1 0.144157
1 0.124292
1 0.108510
1 0.239586
1 0.403535
1 0.295783
1 0.240802
1 0.239714
1 0.282458
1 0.188031
1 0.186696
1 0.224020
1 0.353077
0 0.112144
0 0.111369
0 0.128125
0 0.109612
0 0.148673
0 0.091465
0 0.094936
0 0.095117
0 0.156728
0 0.128800
1 0.637902
1 0.969640
1 0.986478
1 0.980164
1 0.996625
1 0.997787
1 0.775047
1 0.671338
1 0.694531
1 0.738611
0 0.063043
0 0.200300
0 0.193892
0 0.216781
0 0.164356
0 0.144904
0 0.132604
0 0.205776
0 0.123341
0 0.206164
0 0.182473
0 0.137084
0 0.260408
0 0.190466
0 0.213944
0 0.174870
0 0.112102
0 0.137994
0 0.250085
0 0.143494
0 0.242880
0 0.162649
0 0.176912
0 0.103182
0 0.149664
0 0.090907
0 0.120474
0 0.062981
0 0.243691
0 0.255523
0 0.232132
0 0.183772
0 0.253059
0 0.149775
0 0.267640
0 0.172023
0 0.177044
0 0.245401
0 0.124107
0 0.219665
0 0.157362
1 0.194407
1 0.166238
1 0.293545
1 0.166714
1 0.165775
1 0.277405
1 0.226818
1 0.131477
1 0.197919
1 0.184942
1 0.276424
1 0.240552
1 0.192197
1 0.194518
1 0.161550
1 0.075220
1 0.175064
1 0.139513
1 0.105392
1 0.196317
1 0.162929
1 0.188618
1 0.116957
1 0.106373
1 0.163191
1 0.209900
1 0.163489
1 0.148493
1 0.166755
1 0.198280
1 0.277484
1 0.216725
1 0.262172
1 0.166609
0 0.356450
0 0.321159
0 0.669673
0 0.496352
0 0.325764
0 0.338254
0 0.589004
0 0.343724
0 0.597520
0 0.540395
0 0.596480
0 0.538786
0 0.726484
0 0.582592
0 0.616504
0 0.477677
0 0.621975
0 0.774485
0 0.504230
0 0.513403
0 0.692181
0 0.810310
0 0.650313
0 0.478215
0 0.566914
0 0.448519
0 0.597829
0 0.509254
0 0.671201
1 0.524910
1 0.717542
1 0.701745
1 0.402571
1 0.997336
1 0.555337
1 0.177904
1 0.590681
1 0.281253
1 0.935586
0 0.581721
0 0.523158
0 0.394223
0 0.392618
0 0.404574
0 0.546435
0 0.400505
0 0.316538
0 0.546483
0 0.524082
1 0.258432
1 0.318021
1 0.477103
1 0.233517
1 0.177226
1 0.217317
1 0.347305
1 0.272092
1 0.475939
1 0.155786
1 0.435284
1 0.239069
1 0.319628
1 0.654076
1 0.322132
1 0.366775
1 0.296051
1 0.223418
1 0.518374
1 0.184941
1 0.929989
1 0.383278
1 0.369655
1 0.425509
1 0.398369
1 0.772238
1 0.769436
1 0.522266
1 0.440317
1 0.743155
0 0.284429
0 0.492107
0 0.648065
0 0.721987
0 0.503319
0 0.564975
0 0.365108
0 0.538624
0 0.510312
0 0.375067
0 0.512906
0 0.365627
0 0.544296
0 0.512433
0 0.516847
0 0.321049
0 0.493388
0 0.497453
0 0.503026
0 0.495154
0 0.748263
0 0.557573
0 0.380836
0 0.484861
0 0.356874
0 0.323356
0 0.253832
0 0.555686
0 0.391465
0 0.487576
0 0.400784
1 0.696703
1 0.485430
1 0.595449
1 0.331501
1 0.355100
1 0.536047
1 0.597462
1 0.493124
1 0.870811
1 0.781545
1 0.700592
1 0.606280
1 0.703825
1 0.613353
1 0.733622
1 0.480627
1 0.659451
1 0.246658
1 0.101593
1 0.616498
0 0.663350
0 0.343274
0 0.383607
0 0.600919
0 0.377449
0 0.508194
0 0.664768
0 0.501941
0 0.403656
1 0.189920
1 0.301814
1 0.742582
1 0.443553
1 0.248592
1 0.164558
1 0.173621
1 0.148191
1 0.422190
1 0.278565
1 0.748923
0 0.371188
0 0.046727
0 0.048121
0 0.047215
0 0.048913
0 0.048410
0 0.055920
0 0.055113
0 0.052176
0 0.092166
0 0.060207
0 0.041902
0 0.060399
0 0.073919
0 0.043269
0 0.051888
0 0.063506
0 0.044839
0 0.054604
0 0.081096
0 0.038181
0 0.044470
0 0.048827
0 0.052725
0 0.069229
0 0.062119
0 0.068475
0 0.048603
0 0.093823
0 0.100636
0 0.050681
0 0.074120
0 0.050161
0 0.049995
0 0.025624
0 0.055472
0 0.032784
0 0.079021
0 0.035499
0 0.063391
0 0.033147
0 0.052350
1 0.064337
1 0.077504
1 0.074206
1 0.087314
1 0.076702
1 0.055398
1 0.059715
1 0.064851
1 0.110791
1 0.049325
1 0.070588
1 0.051215
1 0.052513
1 0.062499
1 0.051157
1 0.067612
1 0.050902
1 0.096758
1 0.085310
1 0.114921
1 0.278038
1 0.102900
1 0.330586
1 0.106591
1 0.095969
1 0.086551
1 0.076931
1 0.117343
1 0.115297
1 0.123151
1 0.120833
0 0.181412
0 0.255211
0 0.275710
0 0.252882
0 0.309997
0 0.214473
0 0.331016
0 0.261937
0 0.198370
0 0.266175
0 0.278368
1 0.987630
1 0.969143
1 0.986847
1 0.989023
1 0.982699
1 0.990265
1 0.988857
1 0.982972
1 0.866699
1 0.982020
1 0.817389
1 0.732249
1 0.770731
1 0.791424
1 0.989958
1 0.990237
1 0.982781
1 0.736451
1 0.543632
1 0.490328
1 0.988189
1 0.990646
1 0.989561
1 0.989027
1 0.990068
1 0.985261
1 0.981985
1 0.365280
1 0.795585
1 0.276579
1 0.592975
1 0.300457
1 0.470210
1 0.502482
1 0.873578
1 0.838289
1 0.375825
1 0.984815
1 0.990134
1 0.780612
1 0.989155
1 0.989603
1 0.989420
1 0.989040
1 0.984981
1 0.927796
1 0.959405
1 0.916269
1 0.931326
1 0.878507
1 0.885227
1 0.957618
1 0.918067
1 0.917174
1 0.855378
1 0.812514
1 0.903599
1 0.778714
1 0.986487
1 0.982734
1 0.973665
1 0.906880
1 0.983914
1 0.963396
1 0.964908
1 0.980878
1 0.977108
0 0.182657
0 0.181614
0 0.167765
0 0.335254
0 0.267848
0 0.263471
0 0.392333
0 0.326879
0 0.160762
0 0.258907
0 0.410859
0 0.191936
1 0.266955
1 0.302613
1 0.189091
1 0.166271
0 0.322651
0 0.207869
0 0.218710
0 0.195754
0 0.197402
1 0.561891
1 0.376422
1 0.251262
1 0.355733
1 0.525117
1 0.603780
1 0.458747
1 0.372427
1 0.316197
1 0.335802
1 0.166993
1 0.265714
1 0.289100
1 0.232713
1 0.359053
1 0.288141
1 0.260934
1 0.194322
1 0.465416
1 0.301773
1 0.992031
1 0.991350
1 0.674263
1 0.999942
1 0.999756
1 0.683378
1 0.718998
1 0.718355
1 0.999410
1 0.999973
0 0.301385
1 0.441046
0 0.316250
1 0.596187
0 0.277836
0 0.335083
1 0.259935
0 0.126941
1 0.931173
1 0.567070
1 0.730108
1 0.794454
1 0.663004
1 0.734168
1 0.588292
0 0.280476
0 0.393627
0 0.406925
0 0.323398
0 0.556988
0 0.359585
0 0.546256
0 0.531585
0 0.298959
0 0.190193
0 0.302552
0 0.599699
0 0.218020
0 0.180508
0 0.348092
0 0.153625
0 0.203442
0 0.221241
0 0.149736
0 0.150515
0 0.086109
0 0.196944
0 0.188713
0 0.173018
0 0.277873
1 0.276981
1 0.322772
1 0.361822
1 0.432896
1 0.279473
1 0.458437
1 0.560727
1 0.471069
1 0.445339
1 0.533314
1 0.625432
1 0.741681
1 0.671295
1 0.613328
1 0.829272
1 0.632307
1 0.637896
1 0.745554
1 0.717767
1 0.470138
1 0.948991
1 0.898351
1 0.820281
1 0.931583
1 0.901055
1 0.677955
1 0.814126
1 0.805266
1 0.722630
1 0.645206
1 0.906195
1 0.948572
1 0.786558
1 0.908837
1 0.880541
1 0.995378
1 0.912524
1 0.843113
1 0.941302
1 0.960376
0 0.127764
0 0.231330
0 0.557172
0 0.373914
0 0.673861
0 0.539484
0 0.410701
0 0.455128
0 0.235626
0 0.208320
0 0.489377
0 0.281131
0 0.304671
0 0.244029
0 0.223694
0 0.255463
0 0.312810
0 0.211146
0 0.280362
0 0.244229
0 0.256390
0 0.182042
0 0.302035
0 0.379065
0 0.406586
0 0.363375
0 0.208724
0 0.331953
0 0.210233
0 0.264615
0 0.282485
0 0.492618
0 0.395846
0 0.447399
0 0.269736
0 0.315514
0 0.413754
1 0.541714
1 0.531882
1 0.616080
1 0.746843
1 0.361530
1 0.307497
1 0.231438
1 0.211704
1 0.197174
1 0.285522
1 0.158390
1 0.232008
1 0.293675
1 0.326352
1 0.130551
1 0.999943
1 0.996547
1 0.999807
1 0.999912
1 0.999544
1 0.998300
1 0.998046
1 0.996649
1 0.998028
1 0.999669
1 0.991375
1 0.996629
1 0.937285
1 0.978248
1 0.999466
1 0.999584
1 0.953701
1 0.999246
1 0.991947
1 0.964981
0 0.111229
0 0.814976
0 0.760528
0 0.826151
0 0.649598
0 0.570731
0 0.629539
0 0.749210
0 0.640212
0 0.812224
0 0.786731
1 0.956850
1 0.967123
1 0.980551
1 0.952908
1 0.954459
1 0.931268
1 0.914485
0 0.888481
1 0.998489
1 0.993577
1 0.995786
1 0.993253
1 0.955796
1 0.986160
1 0.983721
1 0.994515
1 0.994838
1 0.992907
1 0.992124
1 0.990867
1 0.990809
1 0.996609
1 0.999037
1 0.992383
1 0.988349
1 0.915858
1 0.685086
1 0.950426
1 0.990620
1 0.743533
1 0.862888
1 0.745949
1 0.927487
1 0.608404
1 0.560149
1 0.999363
1 0.999895
1 0.993435
1 0.997666
1 0.999487
1 0.996648
1 0.999731
1 0.996608
1 0.998916
1 0.997623
1 0.999998
1 1.000000
1 0.999964
1 0.999991
1 0.999937
1 0.999985
1 1.000000
1 0.999996
1 0.999874
1 0.999989
1 0.999926
1 0.999892
1 0.999979
1 0.999808
1 1.000000
1 0.999323
1 0.999983
1 0.999925
1 0.999960
1 0.999999
0 0.008649
0 0.015536
0 0.010787
0 0.015695
0 0.020573
0 0.014700
0 0.012432
0 0.023535
0 0.016659
0 0.027081
0 0.033941
0 0.010829
0 0.014157
0 0.015238
0 0.021754
0 0.016284
0 0.024925
0 0.016213
0 0.015770
0 0.032447
0 0.013567
0 0.016973
0 0.044567
0 0.021732
0 0.024916
0 0.022478
0 0.015465
0 0.024503
0 0.009409
0 0.030154
0 0.020388
0 0.016659
0 0.013713
0 0.012314
0 0.011663
0 0.010222
0 0.012390
0 0.012983
0 0.011905
0 0.016857
0 0.008635
0 0.018595
0 0.026809
0 0.019635
0 0.026435
0 0.064183
0 0.043754
0 0.028094
0 0.032646
0 0.020461
0 0.011931
0 0.014979
0 0.016304
0 0.014393
0 0.019683
0 0.014912
0 0.010188
0 0.024919
0 0.015689
0 0.016858
0 0.014472
0 0.016707
0 0.020245
0 0.018874
0 0.015974
0 0.013036
0 0.019558
0 0.042430
0 0.017451
0 0.011721
0 0.019840
0 0.016168
0 0.023704
0 0.031572
0 0.022686
0 0.017323
0 0.011763
0 0.028129
0 0.020232
0 0.023278
0 0.024812
0 0.095638
0 0.287462
0 0.382929
0 0.332509
0 0.617134
0 0.397960
0 0.424824
0 0.408365
0 0.339217
0 0.399925
0 0.198393
0 0.313444
0 0.488133
0 0.280855
0 0.349838
0 0.364360
0 0.323910
0 0.215822
0 0.259012
0 0.186586
0 0.187839
0 0.248586
0 0.147584
0 0.142050
0 0.139908
0 0.119704
0 0.233808
0 0.189431
0 0.202974
0 0.319478
0 0.177686
0 0.274232
0 0.197338
0 0.297634
0 0.194406
0 0.196523
0 0.366698
0 0.324193
0 0.304984
0 0.141174
1 0.467035
1 0.533076
1 0.377234
1 0.441724
1 0.566170
1 0.643246
1 0.592931
1 0.407794
1 0.600290
1 0.549369
1 0.996329
1 0.995849
1 0.989953
1 0.978508
1 0.987885
1 0.994445
1 0.971410
1 0.997030
1 0.944049
1 0.962396
1 0.999921
1 0.999803
1 0.999576
1 0.999548
1 0.999919
1 0.999717
1 0.999282
1 0.999976
1 0.999931
1 0.999922
1 0.999947
1 0.999744
1 0.999988
1 0.999773
1 0.999990
1 0.999954
1 0.998996
1 0.999143
1 0.999978
1 0.961130
0 0.377740
0 0.357583
0 0.310536
0 0.384186
0 0.400827
0 0.383375
0 0.401544
0 0.324153
0 0.328505
0 0.376019
0 0.409915
0 0.548438
0 0.394752
0 0.344876
0 0.421369
0 0.433753
0 0.371625
0 0.413618
0 0.346155
0 0.389219
0 0.298126
0 0.306634
0 0.368206
0 0.393235
0 0.422775
0 0.345999
0 0.350878
0 0.399784
0 0.418040
0 0.416754
0 0.352855
0 0.423154
0 0.377589
0 0.368786
0 0.449177
0 0.360976
0 0.344348
0 0.269920
0 0.404788
0 0.486061
0 0.296997
1 0.406697
1 0.354601
1 0.881785
1 0.725869
1 0.922008
1 0.839527
1 0.751637
1 0.717910
1 0.431808
1 0.417696
0 0.273975
0 0.382194
0 0.257661
0 0.322056
0 0.294878
0 0.245265
0 0.286280
0 0.366985
0 0.332145
0 0.346653
0 0.337778
0 0.447095
0 0.378875
0 0.331988
0 0.327787
0 0.305884
0 0.411342
0 0.331992
0 0.419701
0 0.255971
0 0.289510
0 0.411987
0 0.280374
0 0.295376
0 0.357288
0 0.363355
0 0.338510
0 0.326141
0 0.290348
0 0.389148
1 0.846369
0 0.739954
1 0.945598
1 0.848836
0 0.313753
0 0.406184
0 0.368985
0 0.477514
0 0.331884
0 0.285540
0 0.354174
0 0.471997
0 0.331035
0 0.345752
0 0.514255
0 0.477836
0 0.332146
0 0.315847
0 0.227080
0 0.265511
0 0.294878
0 0.387480
0 0.276310
0 0.300753
0 0.319960
0 0.296773
1 0.735270
0 0.475569
0 0.401191
0 0.245855
0 0.887981
0 0.765191
0 0.902000
0 0.608432
0 0.889871
0 0.808327
0 0.891813
0 0.863727
0 0.732553
0 0.770560
1 0.436894
1 0.675613
1 0.738803
1 0.509369
1 0.858869
0 0.773206
0 0.779430
0 0.684930
1 0.708169
1 0.965743
1 0.746851
1 0.990821
1 0.770022
1 0.795157
1 0.801591
1 0.810752
1 0.756859
1 0.904364
1 0.942983
1 0.887228
1 0.957194
1 0.656296
1 0.770206
1 0.724187
1 0.879707
1 0.893067
1 0.985685
1 0.999364
1 0.993057
1 0.999542
1 0.999783
1 0.950656
1 0.988984
1 0.999241
1 0.993316
1 0.999958
1 0.987043
1 0.970110
1 0.981113
1 0.974598
1 0.941779
1 0.944409
1 0.970229
1 0.906159
1 0.952664
1 0.983410
1 0.973032
1 0.944935
1 0.911634
1 0.950157
1 0.911634
1 0.871912
1 0.994600
1 0.887854
1 0.924315
1 0.957067
0 0.066411
0 0.165902
0 0.148291
0 0.104446
0 0.139356
0 0.196941
0 0.188371
0 0.113593
0 0.196742
0 0.176042
0 0.161550
0 0.106400
0 0.165388
0 0.196311
0 0.151742
0 0.223171
0 0.126447
0 0.147127
0 0.277133
0 0.104106
0 0.098919
0 0.089922
0 0.234309
0 0.190100
0 0.134936
0 0.091684
0 0.182039
0 0.116059
0 0.135148
0 0.105963
0 0.201568
0 0.158090
0 0.117981
0 0.131113
0 0.216660
0 0.052197
0 0.108357
0 0.176168
0 0.151366
0 0.107491
0 0.121938
1 0.888272
1 0.997993
1 0.923715
1 0.808823
1 0.837991
1 0.877818
1 0.999757
1 0.829529
1 0.992536
1 0.884083
1 0.289320
1 0.360958
1 0.733191
1 0.238221
1 0.211052
1 0.329503
1 0.368338
1 0.199937
1 0.431625
1 0.237513
1 0.874976
1 0.735140
1 0.966008
1 0.838910
1 0.818666
1 0.949817
1 0.893613
1 0.838822
1 0.937172
1 0.935698
0 0.061238
0 0.134223
0 0.345849
0 0.244197
0 0.267790
0 0.220419
0 0.172959
0 0.236330
0 0.199841
0 0.119407
0 0.177510
0 0.106772
0 0.069556
0 0.188411
0 0.163197
0 0.178069
0 0.117380
0 0.137814
0 0.128760
0 0.144672
0 0.215906
0 0.145034
0 0.162350
0 0.151062
0 0.130706
0 0.188960
0 0.165544
0 0.081669
0 0.125211
0 0.195897
0 0.211386
0 0.087287
0 0.088608
0 0.120877
0 0.131674
0 0.095808
0 0.112491
0 0.106046
0 0.095770
0 0.115661
0 0.137772
1 0.991254
1 0.981256
1 0.993636
1 0.987662
1 0.990057
1 0.993333
1 0.998161
1 0.996191
1 0.996922
1 0.995004
1 0.239516
1 0.272024
1 0.275095
1 0.206261
1 0.208049
1 0.267313
1 0.124067
1 0.270649
1 0.290418
1 0.329490
1 0.167142
1 0.209620
1 0.229122
1 0.213816
1 0.288969
1 0.230055
1 0.216955
1 0.244863
1 0.219498
1 0.184092
0 0.056003
1 0.134071
1 0.319188
1 0.303145
1 0.281495
0 0.161050
0 0.197751
1 0.161547
0 0.143065
0 0.166839
0 0.227450
0 0.092500
0 0.231265
0 0.219015
0 0.097416
0 0.117187
0 0.305635
1 0.526965
1 0.221209
0 0.145699
1 0.163809
0 0.097489
1 0.289974
1 0.185796
0 0.089406
0 0.143685
0 0.138905
0 0.135685
0 0.108553
0 0.262384
0 0.088826
1 0.989329
1 0.962108
1 0.776872
1 0.961823
1 0.877803
1 0.895689
1 0.959049
1 0.988358
1 0.867334
1 0.914725
1 0.983689
1 0.984800
1 0.967898
1 0.925895
1 0.829287
1 0.961311
1 0.939183
1 0.966240
1 0.984193
1 0.920216
1 0.998425
1 0.999999
1 0.999976
1 0.999609
1 0.999970
1 0.999967
1 0.995524
1 0.999994
1 0.999997
1 0.999615
1 0.882705
1 0.776905
1 0.856385
1 0.844837
1 0.826675
1 0.892396
1 0.923908
1 0.833166
1 0.869827
1 0.758747
0 0.199935
0 0.306756
0 0.207684
0 0.201150
0 0.174671
0 0.152531
0 0.204980
0 0.326903
0 0.369796
0 0.210293
0 0.267527
0 0.448254
0 0.392638
0 0.373382
0 0.496939
0 0.347828
0 0.178210
0 0.293370
0 0.464285
0 0.187149
0 0.354154
0 0.607165
0 0.474604
0 0.849240
0 0.555916
0 0.544948
0 0.582060
0 0.691370
0 0.727435
0 0.277943
0 0.320405
0 0.268618
0 0.379465
0 0.373382
0 0.327154
0 0.365183
0 0.396138
0 0.293322
0 0.260384
1 0.488880
1 0.595217
1 0.737271
1 0.570696
1 0.550201
1 0.524416
1 0.463526
1 0.501699
1 0.864958
1 0.400996
0 0.212471
0 0.207809
0 0.237900
0 0.244492
0 0.342556
0 0.287782
0 0.376018
0 0.386387
0 0.356266
0 0.224409
1 0.283320
1 0.439835
1 0.213583
1 0.191992
1 0.434920
1 0.317129
1 0.590967
1 0.527729
1 0.338509
1 0.319403
1 0.328858
1 0.636505
1 0.416971
1 0.376777
1 0.473382
1 0.955740
1 0.728551
1 0.288334
1 0.624769
1 0.307269
0 0.145232
0 0.298209
0 0.124881
0 0.260633
0 0.259619
0 0.242221
0 0.124995
0 0.128289
0 0.251588
0 0.260011
0 0.305979
0 0.209642
0 0.230457
0 0.226447
0 0.215952
0 0.270375
0 0.158673
0 0.248081
0 0.200211
0 0.164413
0 0.170368
0 0.229290
0 0.300049
0 0.327044
0 0.237372
0 0.141132
0 0.193039
0 0.192479
0 0.265729
0 0.163915
0 0.253971
0 0.308749
0 0.256725
0 0.233619
0 0.167200
0 0.291448
0 0.355963
0 0.483630
0 0.250686
0 0.216424
0 0.350046
1 0.540624
1 0.518039
1 0.205222
1 0.129135
1 0.228421
1 0.338244
1 0.168671
1 0.297515
1 0.336828
1 0.400238
0 0.319936
0 0.231687
1 0.193327
0 0.355650
0 0.237794
0 0.325512
0 0.246061
0 0.444923
0 0.444013
0 0.336021
0 0.475946
0 0.271727
1 0.559597
1 0.663495
1 0.719936
1 0.417159
1 0.822546
1 0.606555
1 0.744297
1 0.349664
1 0.813851
1 0.623618
0 0.194903
0 0.247211
0 0.381937
0 0.366033
0 0.376943
0 0.443142
0 0.285480
0 0.232951
0 0.344028
0 0.297900
0 0.425263
0 0.189482
0 0.273527
0 0.200789
0 0.347610
0 0.243562
0 0.328088
0 0.503853
0 0.320489
0 0.270188
0 0.246138
0 0.343391
0 0.412356
0 0.238904
0 0.259344
0 0.293657
0 0.331403
0 0.254430
0 0.261837
0 0.308023
0 0.345561
1 0.207386
1 0.325518
1 0.252493
1 0.252319
1 0.407065
1 0.297867
1 0.221281
1 0.645465
1 0.378350
1 0.646098
0 0.392747
0 0.265660
0 0.255938
0 0.390751
0 0.395492
0 0.260415
0 0.341927
0 0.275497
0 0.322223
0 0.294359
1 0.762342
1 0.609082
1 0.476441
1 0.604475
1 0.957070
1 0.533313
1 0.973641
1 0.480265
1 0.788125
1 0.554150
1 0.961371
1 0.578468
1 0.896319
1 0.704148
1 0.953103
1 0.948137
1 0.984949
1 0.724911
1 0.936520
1 0.758035
1 0.587712
1 0.522393
1 0.712993
1 0.258655
1 0.552236
1 0.570948
1 0.587712
1 0.658006
1 0.750367
1 0.334355
0 0.285735
0 0.540233
0 0.688646
0 0.788051
0 0.894701
0 0.637842
0 0.789841
0 0.745590
0 0.860616
0 0.811319
0 0.639007
0 0.703034
0 0.644430
0 0.763861
0 0.484315
0 0.634870
0 0.652987
0 0.541979
0 0.369647
0 0.560425
0 0.585872
0 0.695036
0 0.636998
0 0.805922
1 0.320466
0 0.753037
1 0.493576
0 0.438270
0 0.400496
0 0.796157
1 0.392449
1 0.396082
1 0.343878
1 0.344638
1 0.397448
1 0.397812
1 0.482181
1 0.386962
1 0.365548
1 0.389621
1 0.530102
1 0.343593
1 0.456045
1 0.391569
0 0.807520
0 0.566534
0 0.847260
0 0.483208
0 0.323867
0 0.379448
0 0.767645
0 0.369650
0 0.439234
0 0.450897
1 0.274331
1 0.354230
1 0.320115
1 0.271295
1 0.237781
1 0.348267
1 0.304240
1 0.344856
1 0.281814
1 0.276958
0 0.312715
0 0.577966
0 0.383916
0 0.635996
0 0.313122
0 0.582866
0 0.510281
0 0.508236
0 0.379123
0 0.628931
0 0.232997
0 0.366671
0 0.420206
0 0.320252
0 0.396232
0 0.343618
0 0.336434
0 0.458431
0 0.342039
0 0.392147
0 0.327212
0 0.474563
0 0.453946
0 0.543541
0 0.341769
0 0.492932
0 0.558598
0 0.428568
0 0.404763
0 0.305039
0 0.274186
0 0.379156
0 0.358072
0 0.317645
0 0.366682
0 0.426072
0 0.359449
0 0.370184
0 0.386809
0 0.335556
0 0.324943
0 0.438053
0 0.441919
0 0.438783
0 0.319399
0 0.261423
0 0.274381
0 0.314855
0 0.380689
0 0.419804
0 0.257575
0 0.298761
0 0.255655
0 0.311927
0 0.379693
0 0.461670
0 0.420203
0 0.417231
0 0.364506
0 0.287838
0 0.427100
0 0.369897
0 0.366662
0 0.425608
0 0.507565
0 0.522688
0 0.497559
0 0.394145
0 0.453759
0 0.393740
0 0.429147
0 0.410714
0 0.351085
0 0.384026
0 0.248372
0 0.369063
0 0.359624
0 0.336107
0 0.260920
0 0.339352
0 0.367485
0 0.309929
0 0.313052
0 0.319231
0 0.274276
0 0.286016
0 0.463290
0 0.329854
0 0.350606
0 0.355715
0 0.488350
0 0.498594
0 0.481384
0 0.556763
0 0.576675
0 0.537504
0 0.488881
0 0.382230
0 0.516067
0 0.564376
0 0.406199
0 0.570471
0 0.529882
0 0.552337
0 0.426619
0 0.632808
0 0.535114
0 0.512821
0 0.396186
0 0.538207
0 0.620346
0 0.482628
0 0.415175
0 0.486297
0 0.565120
0 0.586118
0 0.628631
0 0.336119
0 0.474373
0 0.503173
0 0.576028
0 0.526443
0 0.479481
0 0.536080
0 0.482574
0 0.552910
0 0.570567
0 0.623944
0 0.534163
0 0.544078
1 0.528124
1 0.740844
1 0.570085
1 0.492173
1 0.362500
1 0.360143
1 0.448047
1 0.755897
1 0.831653
1 0.548109
1 0.992619
1 0.962680
1 0.962293
1 0.948471
1 0.992664
1 0.996988
1 0.840383
1 0.901805
1 0.993886
1 0.995954
1 0.929293
1 0.600557
1 0.941762
1 0.809852
1 0.987033
1 0.995555
1 0.658951
1 0.832268
1 0.983673
1 0.954703
0 0.117030
0 0.263833
0 0.264827
0 0.234856
0 0.262670
0 0.304613
0 0.290443
0 0.443746
0 0.220148
0 0.385140
0 0.276218
0 0.347313
0 0.235907
0 0.410010
0 0.277565
0 0.492924
0 0.204591
0 0.255224
0 0.378904
0 0.230741
0 0.185618
0 0.366793
0 0.634710
0 0.613204
0 0.328876
0 0.363246
0 0.396688
0 0.325837
0 0.440793
0 0.359103
0 0.508428
0 0.314899
0 0.275472
0 0.241716
0 0.177057
0 0.297579
0 0.177226
0 0.324881
0 0.470930
0 0.187314
0 0.378418
1 0.730848
1 0.806052
1 0.713292
1 0.479578
1 0.775183
1 0.562291
1 0.452150
1 0.691971
1 0.472384
1 0.647481
1 0.391966
1 0.645548
1 0.441322
1 0.558923
1 0.675731
1 0.462074
1 0.643319
1 0.842353
1 0.495982
1 0.604235
1 0.584517
1 0.481004
1 0.561113
1 0.531997
1 0.571142
1 0.487861
1 0.423317
1 0.562415
1 0.455126
0 0.072122
0 0.083671
0 0.187862
0 0.091846
0 0.109048
0 0.154338
0 0.096078
0 0.079880
0 0.092580
0 0.107573
0 0.087133
0 0.186543
0 0.151412
0 0.168543
0 0.105287
0 0.109091
0 0.153482
0 0.129220
0 0.182527
0 0.160276
0 0.129814
0 0.206577
0 0.145385
0 0.130420
0 0.125311
0 0.126624
0 0.117942
0 0.087086
0 0.098673
0 0.105422
0 0.094722
0 0.093149
0 0.095225
0 0.075938
0 0.088190
0 0.116553
0 0.084630
0 0.095403
0 0.134966
0 0.132242
0 0.097415
1 0.777880
1 0.996211
1 0.975916
1 0.995440
1 0.979568
1 0.989632
1 0.930506
1 0.990368
1 0.999961
1 0.919292
1 0.876580
1 0.995457
1 0.993706
1 0.957231
1 0.943534
1 0.948517
1 0.995457
1 0.961133
1 0.916759
1 0.919660
1 0.363432
1 0.710250
1 0.375632
1 0.371271
1 0.751450
1 0.382504
1 0.410731
1 0.348545
1 0.688838
1 0.536512
1 0.993719
1 0.993727
1 0.996355
1 0.993343
1 0.997139
1 0.999443
1 0.999384
1 0.999684
1 0.990057
1 0.998933
0 0.039405
1 0.275916
1 0.300368
1 0.506581
1 0.409060
1 0.398303
1 0.284285
1 0.369623
1 0.252348
1 0.268548
1 0.249598
1 0.229698
1 0.158890
1 0.554670
1 0.420526
1 0.390891
1 0.312882
1 0.349586
1 0.410953
1 0.296699
1 0.348220
1 0.391324
1 0.761394
1 0.424805
1 0.483048
1 0.666800
1 0.371367
1 0.608408
1 0.308333
1 0.949828
1 0.326310
1 0.088764
1 0.076284
1 0.247791
1 0.233855
1 0.141984
1 0.126272
1 0.097490
1 0.108528
1 0.143087
1 0.099560
1 0.989679
1 0.194783
1 0.981804
1 0.389496
1 0.987635
1 0.954086
1 0.704384
1 0.763690
1 0.717734
1 0.447636
1 0.527466
1 0.222799
1 0.358281
1 0.466845
1 0.434061
1 0.410124
1 0.562319
1 0.479153
1 0.583134
1 0.536068
1 0.999996
1 0.999995
1 0.999994
1 0.999995
1 0.999996
1 0.999994
1 0.999996
1 0.999995
1 0.999996
1 0.999996
1 0.999727
1 0.999138
1 0.975760
1 0.982273
1 0.994418
1 0.998930
1 0.994859
1 0.962494
1 0.980401
1 0.990766
