0 0.128753
1 0.284513
0 0.354393
1 0.475992
0 0.238086
0 0.437388
0 0.316914
0 0.195781
1 0.329573
0 0.325245
1 0.222932
0 0.128809
0 0.155504
0 0.161354
0 0.177781
0 0.244862
1 0.244178
0 0.500594
1 0.264879
1 0.955305
1 0.948334
1 0.953941
1 0.953795
1 0.271049
1 0.588627
1 0.350348
1 0.357008
1 0.233452
1 0.285353
1 0.757208
1 0.896536
1 0.570172
1 0.833940
1 0.352845
1 0.481947
1 0.526663
1 0.816647
1 0.451316
1 0.902498
1 0.505840
1 0.408901
1 0.583592
1 0.634988
1 0.568943
1 0.921193
1 0.771796
1 0.618062
1 0.662299
1 0.774499
1 0.345519
1 0.651854
1 0.952673
1 0.267531
1 0.334478
1 0.953436
1 0.210277
1 0.336556
1 0.597335
1 0.273338
0 0.182600
0 0.393220
0 0.423465
0 0.539856
0 0.468296
1 0.498528
0 0.446142
0 0.648898
0 0.817032
0 0.694335
1 0.814635
0 0.897615
0 0.935814
0 0.898644
0 0.487808
0 0.376047
0 0.952847
0 0.780865
1 0.981467
1 0.618198
1 0.911351
1 0.996450
1 0.991091
1 0.984956
1 0.994091
1 0.995543
1 0.976660
1 0.978569
1 0.918019
1 0.952628
1 0.995492
1 0.922067
1 0.952535
1 0.973275
1 0.982969
1 0.990847
0 0.685687
0 0.889673
0 0.900199
0 0.975418
0 0.766490
0 0.745913
0 0.702878
1 0.095058
1 0.122373
1 0.076772
1 0.190689
1 0.099952
1 0.093123
1 0.138103
1 0.148636
1 0.132544
1 0.099352
1 0.701259
1 0.683484
1 0.657436
1 0.882491
1 0.771948
1 0.593998
1 0.614020
1 0.406247
1 0.504270
1 0.575284
1 0.927681
1 0.933776
1 0.987300
1 0.823205
1 0.990453
1 0.995323
1 0.958304
1 0.984685
1 0.971021
1 0.948281
0 0.094485
0 0.104643
0 0.120525
0 0.086917
0 0.090227
0 0.082128
0 0.095813
0 0.092160
0 0.080118
0 0.081756
0 0.121689
1 0.070823
1 0.078756
1 0.073614
1 0.068681
1 0.058743
1 0.093791
1 0.095842
1 0.049560
1 0.071242
1 0.062798
0 0.084126
0 0.109743
0 0.092687
0 0.088477
0 0.069031
0 0.090714
0 0.088493
0 0.122044
0 0.077232
0 0.115067
0 0.084513
0 0.178421
0 0.111988
0 0.091826
0 0.081471
0 0.107561
0 0.114304
0 0.114045
0 0.107510
1 0.266602
1 0.302031
1 0.264785
1 0.161689
1 0.252311
1 0.221075
1 0.242879
1 0.182250
1 0.237705
1 0.238703
1 0.377536
1 0.497531
1 0.601364
1 0.475428
1 0.484540
1 0.472090
1 0.354304
1 0.303242
1 0.573429
1 0.281843
1 0.821285
1 0.301352
1 0.399101
1 0.225635
1 0.241948
1 0.542320
1 0.517334
1 0.287559
1 0.246777
1 0.220622
1 0.194883
1 0.217773
1 0.361245
1 0.266851
1 0.222805
1 0.205367
1 0.234649
1 0.275826
1 0.261428
0 0.620487
0 0.796218
0 0.743804
0 0.779843
0 0.864320
0 0.656702
0 0.826112
0 0.662523
0 0.500385
0 0.711404
0 0.682418
0 0.719698
0 0.642476
0 0.640950
0 0.651963
0 0.646147
0 0.592074
0 0.512193
0 0.559451
0 0.726797
0 0.631246
0 0.646616
0 0.642360
0 0.740088
0 0.726335
0 0.693399
0 0.545058
0 0.815246
0 0.573526
0 0.717220
0 0.742596
0 0.608481
0 0.609053
0 0.649004
0 0.738900
0 0.684655
0 0.768417
0 0.549566
0 0.620999
0 0.690100
0 0.647300
1 0.858248
1 0.871399
1 0.893428
1 0.950200
1 0.947860
1 0.916986
1 0.722444
1 0.981083
1 0.981843
1 0.954359
1 0.990805
1 0.986815
1 0.996624
1 0.997355
1 0.928042
1 0.994313
1 0.943930
1 0.999131
1 0.950963
1 0.941735
1 0.398576
1 0.603268
1 0.931249
1 0.349287
1 0.368749
1 0.980888
1 0.942656
1 0.981773
1 0.983543
1 0.914955
1 0.913901
1 0.456637
1 0.925188
1 0.948979
1 0.977072
0 0.341260
0 0.735602
0 0.389390
0 0.552638
0 0.206879
0 0.590478
0 0.633900
0 0.356391
0 0.739712
0 0.548342
0 0.448640
0 0.335454
0 0.655442
0 0.733903
0 0.867667
0 0.228663
0 0.803186
0 0.864091
0 0.469508
0 0.740781
0 0.805005
0 0.294017
0 0.520553
0 0.490349
0 0.480821
0 0.647738
0 0.280975
0 0.301004
0 0.378351
0 0.698689
0 0.234393
0 0.686903
0 0.727846
0 0.371278
0 0.296417
0 0.496230
0 0.774956
0 0.304909
0 0.421529
0 0.863044
0 0.181248
0 0.665038
0 0.637005
0 0.748646
0 0.417846
0 0.656802
0 0.303415
0 0.823421
0 0.671712
0 0.750973
0 0.608700
1 0.030248
1 0.045541
1 0.033748
1 0.040068
1 0.053248
1 0.064767
1 0.071273
1 0.054817
1 0.038980
1 0.083663
1 0.188561
1 0.320408
1 0.107257
1 0.167787
1 0.173718
1 0.353956
1 0.145488
1 0.188960
1 0.102420
1 0.176789
1 0.089451
1 0.073806
1 0.117778
1 0.046300
1 0.080400
1 0.055729
1 0.077850
1 0.122368
1 0.142754
1 0.086081
0 0.139345
0 0.340023
0 0.533043
0 0.473354
0 0.284372
0 0.538423
0 0.535533
0 0.367187
0 0.406749
0 0.320658
0 0.408882
0 0.511446
0 0.651579
0 0.406019
0 0.590635
0 0.319522
0 0.487845
0 0.332331
0 0.588827
0 0.354330
0 0.437816
0 0.366803
0 0.324549
0 0.465038
0 0.263075
0 0.455579
0 0.337040
0 0.353504
0 0.134798
0 0.340078
0 0.291657
0 0.265519
0 0.272008
0 0.290709
0 0.279579
0 0.391017
0 0.286608
0 0.343217
1 0.459482
1 0.611213
1 0.622580
1 0.632663
1 0.749801
0 0.592564
1 0.930973
1 0.920158
1 0.964079
1 0.811697
1 0.962200
1 0.962545
1 0.955088
1 0.768710
1 0.915752
1 0.954545
1 0.872726
1 0.569573
1 0.915441
1 0.646684
1 0.995262
1 0.981473
1 0.999439
1 0.988800
1 0.995432
1 0.959121
1 0.960241
1 0.998423
1 0.920525
1 0.984177
1 0.988792
0 0.073987
0 0.087425
0 0.168164
0 0.188424
0 0.177354
0 0.257250
0 0.178268
0 0.178616
0 0.113505
0 0.215309
0 0.121598
0 0.327952
0 0.070146
0 0.138881
0 0.179774
0 0.086088
0 0.276088
0 0.181815
0 0.115359
0 0.381587
0 0.448273
0 0.378591
0 0.610388
0 0.131510
0 0.828302
0 0.811514
0 0.375836
0 0.734279
0 0.817744
0 0.608563
0 0.175290
0 0.129076
0 0.166403
0 0.282988
0 0.216843
0 0.210606
0 0.126918
0 0.270151
0 0.312626
0 0.203694
0 0.288970
1 0.469404
1 0.653144
1 0.428519
1 0.470321
1 0.457808
1 0.370132
1 0.531990
1 0.513683
1 0.520019
1 0.406912
0 0.465981
0 0.465408
0 0.202025
0 0.328228
0 0.449503
0 0.646043
0 0.676799
0 0.503111
0 0.442541
0 0.218050
0 0.329425
0 0.239902
0 0.182754
0 0.258999
0 0.247712
0 0.174792
0 0.215838
0 0.187085
0 0.151618
0 0.133670
0 0.060089
0 0.094169
0 0.236632
0 0.532523
1 0.967615
0 0.209461
1 0.999989
0 0.553164
0 0.331345
0 0.463861
0 0.073140
0 0.232888
0 0.365950
0 0.792525
0 0.209076
0 0.323347
1 0.997433
1 0.992198
1 0.988469
1 0.991622
1 0.999895
1 0.867267
1 0.809949
1 0.995105
0 0.215870
0 0.272633
1 0.105255
1 0.187791
1 0.248813
1 0.396737
1 0.999954
1 0.999996
1 0.999741
1 0.999988
1 0.999971
1 0.998569
1 0.999964
1 0.999606
1 0.999994
1 0.999994
1 0.999989
1 0.999979
1 0.991975
1 0.992930
1 0.999973
1 0.996897
1 0.995074
1 0.999957
1 0.999992
1 0.979622
1 0.957103
1 0.732791
1 0.430132
1 0.326722
1 0.778374
1 0.607616
1 0.515904
1 0.771107
1 0.407475
0 0.067048
0 0.084556
0 0.019167
0 0.061564
0 0.019971
0 0.160717
0 0.054198
0 0.059351
0 0.059273
0 0.079285
0 0.047096
0 0.154815
0 0.073440
0 0.106617
0 0.081344
0 0.152734
0 0.074983
0 0.167433
0 0.092112
0 0.076788
0 0.410898
0 0.369451
0 0.119231
0 0.628637
0 0.509049
0 0.414425
0 0.509362
0 0.556830
0 0.533166
0 0.029625
0 0.353482
0 0.134395
0 0.094968
0 0.096879
0 0.126916
0 0.069479
0 0.642891
0 0.428238
0 0.090295
1 0.123727
1 0.382989
1 0.213896
1 0.321776
1 0.231692
1 0.122340
1 0.179749
1 0.855140
1 0.153893
1 0.252135
1 0.229615
1 0.117942
1 0.191960
1 0.712468
1 0.153110
1 0.522119
1 0.929073
1 0.907392
1 0.974246
1 0.970701
1 0.956417
1 0.957423
1 0.820982
1 0.920570
1 0.955349
1 0.887488
1 0.223072
1 0.177384
1 0.263462
1 0.296751
0 0.109412
0 0.198397
0 0.266059
0 0.091049
0 0.196639
0 0.184418
0 0.107496
0 0.181612
0 0.126022
0 0.119902
0 0.159156
0 0.181816
0 0.176565
0 0.099981
0 0.100705
0 0.110128
0 0.208738
0 0.186789
0 0.129922
0 0.142748
0 0.239382
0 0.172640
0 0.146890
0 0.183098
0 0.186231
0 0.182990
0 0.133017
0 0.181593
0 0.145039
0 0.161027
0 0.221822
0 0.192868
0 0.077795
0 0.195068
0 0.236306
0 0.194051
0 0.171674
0 0.089114
0 0.089882
0 0.088370
1 0.369222
1 0.445600
1 0.831786
1 0.433367
1 0.484943
1 0.645065
1 0.561721
1 0.476940
1 0.622903
1 0.347522
1 0.108902
1 0.080260
1 0.095096
1 0.092202
1 0.076967
1 0.144100
1 0.093769
1 0.108937
1 0.099846
1 0.092315
1 0.528798
1 0.698063
1 0.611470
1 0.582557
1 0.549825
1 0.661304
1 0.631573
1 0.718252
1 0.645901
1 0.730847
1 0.799171
1 0.560473
1 0.760035
1 0.500867
1 0.631595
1 0.684270
1 0.709870
1 0.552415
1 0.588822
1 0.445098
0 0.088962
0 0.083344
0 0.091100
0 0.074081
0 0.101306
0 0.067535
0 0.102964
0 0.082888
0 0.066942
0 0.106892
0 0.116168
0 0.132639
0 0.145459
0 0.126911
0 0.082337
0 0.157270
0 0.119596
0 0.110181
0 0.162099
0 0.096038
0 0.155477
0 0.150761
0 0.163358
0 0.164172
0 0.137351
0 0.172321
0 0.157336
0 0.110563
1 0.145083
1 0.169907
1 0.189262
1 0.165335
1 0.179306
1 0.203654
1 0.133858
1 0.173629
1 0.116354
1 0.166486
1 0.983609
1 0.983356
1 0.947416
1 0.982319
1 0.883028
1 0.980686
1 0.981300
1 0.985586
1 0.943085
1 0.964021
1 0.989437
1 0.981122
1 0.990659
1 0.989548
1 0.993582
1 0.989964
1 0.987262
1 0.987781
1 0.992188
1 0.982813
1 0.907502
1 0.936827
1 0.941367
1 0.965904
1 0.917945
1 0.938428
1 0.923263
1 0.912182
1 0.905779
1 0.944347
0 0.119392
0 0.152574
0 0.172295
0 0.317711
1 0.573962
0 0.211462
0 0.160710
0 0.170429
0 0.258768
1 0.616102
0 0.140818
0 0.122723
0 0.130530
0 0.135587
0 0.120296
0 0.152963
0 0.155128
0 0.130954
0 0.197912
0 0.139931
0 0.084130
0 0.136660
0 0.134165
0 0.166382
0 0.131382
1 0.281169
1 0.194298
1 0.215838
1 0.380405
1 0.145557
1 0.160253
1 0.254018
1 0.218651
1 0.199508
1 0.182975
1 0.312103
1 0.300313
1 0.278945
1 0.986819
1 0.989420
1 0.990010
1 0.994019
1 0.993041
1 0.976195
1 0.183053
1 0.979522
1 0.726500
1 0.868167
1 0.991389
1 0.992681
1 0.948574
1 0.992176
1 0.979310
1 0.778491
1 0.994389
1 0.992495
1 0.138837
1 0.994530
1 0.831410
1 0.994477
1 0.797004
1 0.992307
1 0.972773
1 0.993410
1 0.994766
1 0.629774
1 0.851819
1 0.739559
1 0.610757
1 0.621561
1 0.614209
1 0.682558
1 0.612806
1 0.574155
0 0.427443
0 0.570527
0 0.656768
0 0.673994
0 0.882665
0 0.897949
0 0.893543
0 0.782248
0 0.810259
0 0.781945
0 0.735884
0 0.844819
0 0.728389
0 0.756577
0 0.715564
0 0.823017
0 0.751583
0 0.748543
0 0.855009
0 0.850646
0 0.721210
0 0.556100
0 0.721725
0 0.843187
0 0.622056
0 0.827581
0 0.670006
0 0.577226
0 0.607506
0 0.610671
0 0.821788
1 0.384491
1 0.702088
1 0.547109
1 0.747025
1 0.481565
1 0.877889
1 0.739123
1 0.497664
1 0.847921
1 0.827901
0 0.668198
0 0.640511
0 0.736871
0 0.941107
0 0.639394
0 0.570729
0 0.618603
0 0.857410
0 0.609727
0 0.776102
1 0.503873
1 0.615008
1 0.629226
1 0.351316
1 0.363422
1 0.643244
1 0.746431
1 0.408270
1 0.381673
1 0.580586
1 0.792914
1 0.830167
1 0.671574
1 0.531110
1 0.520932
1 0.610827
1 0.822514
1 0.657008
1 0.779306
1 0.868579
0 0.160266
0 0.177622
0 0.281990
0 0.271799
0 0.353479
0 0.185464
0 0.186480
0 0.236691
0 0.127991
0 0.259412
0 0.316644
0 0.124280
0 0.260630
0 0.349637
0 0.313471
0 0.227839
0 0.413136
0 0.386421
0 0.294488
0 0.334611
0 0.273518
0 0.177855
0 0.244591
0 0.216415
0 0.153269
0 0.147758
0 0.159123
0 0.304987
0 0.306244
0 0.193943
0 0.265454
0 0.252275
0 0.279881
0 0.272829
0 0.260348
0 0.258433
0 0.247240
0 0.183230
0 0.262525
0 0.221711
0 0.256380
1 0.468563
1 0.646322
1 0.685667
1 0.831483
1 0.754694
1 0.545160
1 0.686471
1 0.583840
1 0.482010
1 0.688073
1 0.376235
1 0.587087
1 0.633016
1 0.596973
1 0.514071
1 0.759709
1 0.726103
1 0.402829
1 0.804936
1 0.743002
1 0.692497
1 0.683182
1 0.369995
1 0.610799
1 0.657115
1 0.338735
1 0.627712
1 0.500754
1 0.584855
1 0.574082
1 0.755327
1 0.693820
1 0.536707
1 0.671537
1 0.509953
1 0.491999
1 0.547804
1 0.796840
1 0.535963
1 0.604253
0 0.388938
0 0.659557
0 0.355697
0 0.665421
0 0.448639
0 0.642814
0 0.578618
0 0.814858
0 0.383943
0 0.432566
0 0.386715
0 0.515677
0 0.402449
0 0.328216
0 0.250583
0 0.546307
0 0.668282
0 0.853473
0 0.447130
0 0.739051
0 0.706328
0 0.497655
0 0.529008
0 0.332366
0 0.476475
0 0.820356
0 0.470830
0 0.746069
0 0.483973
0 0.440371
0 0.682205
0 0.532221
0 0.494498
0 0.488017
0 0.566090
0 0.495923
0 0.498507
0 0.480155
0 0.409013
0 0.316220
0 0.382556
1 0.871586
1 0.733184
1 0.626658
1 0.842495
1 0.772436
0 0.349962
1 0.801173
1 0.569991
0 0.363987
0 0.365395
0 0.248695
0 0.401528
0 0.571060
0 0.793105
0 0.578060
0 0.481367
0 0.567309
0 0.526863
0 0.294348
0 0.799279
0 0.663713
1 0.974142
1 0.984268
1 0.993235
1 0.987552
1 0.939424
1 0.988129
1 0.997155
1 0.994985
1 0.991464
1 0.926326
0 0.215169
0 0.756204
0 0.338217
0 0.308196
0 0.393997
0 0.421148
0 0.601983
0 0.481787
0 0.526102
0 0.475771
0 0.284924
0 0.261077
0 0.319825
0 0.310236
0 0.366622
0 0.266868
0 0.335182
0 0.438141
0 0.303005
0 0.384208
0 0.362456
0 0.359913
0 0.398034
0 0.527079
0 0.403971
0 0.351785
0 0.653700
0 0.224801
0 0.622660
0 0.446379
0 0.398034
0 0.536525
0 0.273285
0 0.595813
0 0.460788
0 0.356736
0 0.348016
0 0.478909
0 0.365161
0 0.290151
0 0.604568
1 0.462423
1 0.528579
1 0.277146
1 0.150953
1 0.629373
1 0.481113
1 0.595510
1 0.464180
1 0.641513
1 0.805338
1 0.832353
1 0.568254
1 0.784442
1 0.724472
1 0.704583
1 0.573346
1 0.600740
1 0.552922
1 0.725803
1 0.518946
1 0.568307
1 0.793604
1 0.621401
1 0.686981
1 0.659986
1 0.620504
1 0.504291
1 0.528226
1 0.549196
1 0.705217
1 0.731795
1 0.562083
1 0.625984
1 0.722759
1 0.679883
1 0.626071
1 0.637241
1 0.672070
1 0.407383
1 0.649229
0 0.301516
0 0.323393
0 0.307475
0 0.299672
0 0.219810
0 0.358067
0 0.362754
0 0.429756
0 0.327042
0 0.339629
0 0.425624
0 0.389197
0 0.276595
0 0.396959
0 0.562038
0 0.439077
0 0.357096
0 0.465131
0 0.372944
0 0.414795
0 0.410239
0 0.347062
0 0.324381
0 0.390230
0 0.377123
0 0.392664
0 0.467769
0 0.367064
0 0.327956
0 0.344228
0 0.320015
0 0.296512
0 0.208443
0 0.153742
0 0.215205
0 0.312854
0 0.272574
0 0.146262
0 0.273182
0 0.158176
0 0.240349
1 0.365981
1 0.648492
1 0.364768
1 0.642450
1 0.632190
1 0.550161
1 0.651381
1 0.529159
1 0.558946
1 0.582626
1 0.232027
1 0.257879
1 0.190170
1 0.328118
1 0.289645
1 0.151129
1 0.272612
1 0.332636
1 0.275036
1 0.156824
1 0.172320
1 0.265183
1 0.185840
1 0.224274
1 0.233154
1 0.312328
1 0.301234
1 0.170259
1 0.207181
1 0.215785
1 0.408123
1 0.614532
1 0.621295
1 0.692961
1 0.339625
1 0.656666
1 0.707229
1 0.700359
1 0.624210
1 0.599582
0 0.147279
0 0.398698
0 0.528168
0 0.352297
0 0.268072
0 0.408252
0 0.400035
0 0.520481
0 0.301149
0 0.351672
0 0.432301
0 0.348036
0 0.420829
0 0.440599
0 0.636444
0 0.420158
0 0.342533
0 0.600352
0 0.365719
0 0.401917
0 0.514952
1 0.633947
1 0.678902
1 0.815938
1 0.656427
1 0.631832
1 0.745530
1 0.695539
1 0.750797
1 0.600772
1 0.534854
1 0.864998
1 0.357678
1 0.800008
1 0.833087
1 0.845086
1 0.983035
1 0.938537
1 0.921604
1 0.447503
1 0.909145
1 0.599812
1 0.636829
1 0.591813
1 0.475227
1 0.401860
1 0.501467
1 0.590331
1 0.518867
1 0.556972
1 0.296049
1 0.763010
1 0.904177
1 0.954802
1 0.874574
1 0.768629
1 0.932055
1 0.787213
1 0.516964
1 0.610573
1 0.927229
1 0.595976
1 0.804068
1 0.669844
1 0.617360
1 0.829297
1 0.750471
1 0.592699
1 0.708578
1 0.850502
1 0.612463
0 0.020245
0 0.023988
0 0.065866
0 0.023594
0 0.031059
0 0.023250
0 0.022794
0 0.033421
0 0.037307
0 0.025388
0 0.033486
0 0.032959
0 0.035289
0 0.038934
0 0.032399
0 0.024735
0 0.020002
0 0.038615
0 0.015393
0 0.051802
0 0.030248
0 0.033066
0 0.034610
0 0.025457
0 0.030382
0 0.028206
0 0.034794
0 0.036171
0 0.041273
0 0.024929
0 0.023074
0 0.110417
0 0.081350
0 0.066910
0 0.046856
0 0.072213
0 0.034572
0 0.031967
0 0.050865
0 0.021296
0 0.021377
0 0.024851
0 0.039863
0 0.014866
0 0.028587
0 0.014188
0 0.023348
0 0.019081
0 0.025163
0 0.018571
0 0.023839
0 0.014175
0 0.025522
0 0.020280
0 0.061683
0 0.029409
0 0.038959
0 0.029806
0 0.028841
0 0.044351
0 0.034225
0 0.023350
0 0.020147
0 0.018528
0 0.021394
0 0.020831
0 0.026065
0 0.022559
0 0.017343
0 0.022776
0 0.023901
0 0.021483
0 0.052270
0 0.044806
0 0.020604
0 0.064946
0 0.080100
0 0.017208
0 0.022164
0 0.016657
0 0.020283
0 0.221448
0 0.352059
1 0.425725
1 0.608063
0 0.371575
1 0.721898
0 0.371583
0 0.311013
0 0.233801
0 0.311312
0 0.536577
0 0.340128
0 0.545556
0 0.443443
0 0.323278
0 0.266109
0 0.473124
1 0.997036
1 0.999202
1 0.999329
1 0.998807
1 0.999510
1 0.998011
1 0.995761
1 0.999530
1 0.999681
1 0.999902
1 0.466360
1 0.510673
1 0.504935
1 0.512261
1 0.586145
1 0.504180
1 0.358891
1 0.379058
1 0.363442
1 0.542255
1 0.902172
1 0.906239
1 0.915791
1 0.950562
1 0.863069
1 0.980052
1 0.982048
1 0.958256
1 0.951186
1 0.982474
1 0.998522
1 0.999290
1 0.999857
1 0.999806
1 0.999773
1 0.999388
1 0.999551
1 0.999655
1 0.999206
1 0.999689
1 0.917503
1 0.969084
1 0.969235
1 0.968332
1 0.979683
1 0.934721
1 0.886889
1 0.591945
1 0.865831
1 0.902005
0 0.432027
0 0.266305
0 0.615243
1 0.778370
1 0.868776
0 0.930371
0 0.906539
1 0.842814
0 0.956177
0 0.943801
1 0.814098
1 0.554386
1 0.532602
1 0.314565
1 0.455219
1 0.516971
1 0.512559
1 0.479167
1 0.532584
1 0.346595
1 0.387017
1 0.819003
1 0.656238
1 0.634819
1 0.537654
1 0.537718
1 0.667657
1 0.523667
1 0.604814
1 0.586688
1 0.621234
1 0.581662
1 0.589039
1 0.490242
1 0.510755
1 0.500562
1 0.501639
1 0.452706
1 0.395305
1 0.664739
1 0.697548
1 0.963693
1 0.892505
1 0.964907
1 0.728450
1 0.944295
1 0.892859
1 0.643385
1 0.807965
1 0.824955
1 0.962991
1 0.826258
1 0.683394
1 0.659524
1 0.689116
1 0.709213
1 0.634524
1 0.811916
1 0.728168
1 0.713739
1 0.699204
1 0.604199
1 0.457210
1 0.519957
1 0.370256
1 0.716567
1 0.510454
1 0.362423
1 0.724902
1 0.598342
1 0.440988
0 0.169249
0 0.326483
0 0.307670
1 0.578242
0 0.294019
0 0.577228
0 0.424438
0 0.514659
0 0.563833
0 0.634512
0 0.762859
0 0.758606
0 0.507529
0 0.615312
0 0.600716
0 0.625823
0 0.531812
0 0.608416
0 0.478496
0 0.545486
0 0.552803
0 0.551836
0 0.626060
0 0.566488
0 0.485050
0 0.632553
0 0.559960
0 0.624932
0 0.533478
0 0.682175
0 0.588690
0 0.739514
0 0.485597
0 0.650810
0 0.571100
0 0.787742
0 0.577779
1 0.644515
1 0.625929
1 0.710696
1 0.758339
1 0.764588
1 0.750573
1 0.692209
1 0.666098
1 0.624847
1 0.655230
1 0.671132
1 0.863891
1 0.715343
1 0.781094
1 0.806679
1 0.736269
1 0.788224
1 0.602265
1 0.593693
1 0.734901
1 0.519463
1 0.870283
1 0.487618
1 0.844386
1 0.453440
1 0.695285
1 0.506552
1 0.760329
1 0.784381
1 0.639710
1 0.886322
1 0.766924
1 0.561153
1 0.579900
1 0.877490
1 0.747663
1 0.884125
1 0.452800
1 0.463228
1 0.497774
0 0.212871
0 0.200595
0 0.260621
0 0.444280
0 0.312627
0 0.591842
0 0.590268
0 0.583487
0 0.586467
0 0.580092
0 0.385242
0 0.545494
0 0.376409
0 0.555352
0 0.349022
0 0.309692
0 0.557943
0 0.499265
0 0.533418
0 0.551680
0 0.522231
0 0.378074
0 0.168825
0 0.303067
0 0.280700
0 0.384844
0 0.255748
0 0.315917
0 0.439123
0 0.296248
0 0.225504
0 0.573669
0 0.356117
0 0.516155
0 0.497962
0 0.612429
0 0.577015
0 0.427474
0 0.542659
0 0.558180
0 0.476472
1 0.692140
1 0.607033
1 0.567930
1 0.514298
1 0.720000
1 0.688086
1 0.408456
1 0.660321
1 0.602406
1 0.811124
1 0.274317
1 0.432418
1 0.423477
1 0.359413
1 0.385866
1 0.373079
1 0.223117
1 0.377323
1 0.461050
1 0.273759
1 0.520689
1 0.790696
1 0.751478
1 0.637632
1 0.626018
1 0.653662
1 0.440122
1 0.619735
1 0.706910
1 0.649770
1 0.986299
1 0.984804
1 0.997166
1 0.989335
1 0.993853
1 0.986761
1 0.990755
1 0.981632
1 0.986354
0 0.153627
0 0.483298
0 0.316004
0 0.408486
0 0.407925
0 0.432427
0 0.209772
0 0.310494
0 0.220838
0 0.510950
0 0.269833
0 0.284470
0 0.397091
0 0.346768
0 0.472346
0 0.401802
0 0.424134
0 0.465351
0 0.331023
0 0.298316
0 0.302471
0 0.621580
0 0.585342
0 0.672069
0 0.652839
0 0.509821
0 0.304329
0 0.702168
0 0.398315
0 0.572680
0 0.573304
1 0.363302
1 0.617737
1 0.847416
1 0.948505
1 0.886661
1 0.777203
1 0.968985
1 0.828935
1 0.830456
1 0.873737
1 0.598554
1 0.585762
1 0.389543
1 0.404081
1 0.537774
1 0.488118
1 0.648655
1 0.448262
1 0.556470
1 0.589775
1 0.595380
1 0.358600
1 0.347844
1 0.533695
1 0.440169
1 0.473467
1 0.472566
1 0.594518
1 0.420177
1 0.550857
1 0.737914
1 0.878704
1 0.775941
1 0.787267
1 0.619069
1 0.652159
1 0.702082
1 0.814705
1 0.763450
1 0.949320
1 0.383263
1 0.381483
1 0.588255
1 0.435195
1 0.464996
1 0.171627
1 0.667905
1 0.461612
1 0.571205
1 0.245197
0 0.183688
0 0.520471
0 0.627481
0 0.606017
0 0.520757
0 0.645067
0 0.540310
0 0.660315
0 0.520821
0 0.604124
0 0.579302
0 0.448971
0 0.394701
0 0.390808
0 0.538481
0 0.379068
0 0.300492
0 0.292238
0 0.309822
0 0.383161
0 0.430699
0 0.446834
0 0.371540
0 0.557981
0 0.599819
0 0.694891
0 0.560656
0 0.615300
0 0.606514
0 0.372537
0 0.650378
1 0.335892
1 0.364831
1 0.480598
1 0.643604
1 0.721985
1 0.535126
1 0.592900
1 0.425598
1 0.409940
1 0.330118
1 0.919011
1 0.995700
1 0.937829
1 0.992038
1 0.939423
1 0.994133
1 0.993182
1 0.983903
1 0.996724
1 0.976154
1 0.929847
1 0.960219
1 0.944178
1 0.956248
1 0.998065
1 0.942226
1 0.962329
1 0.999822
1 0.885257
1 0.944905
1 0.999943
1 0.999971
1 0.999999
1 0.999976
1 0.999997
1 0.999920
1 0.997325
1 0.999986
1 0.999743
1 0.999957
1 0.999984
1 0.999902
1 0.999999
1 0.999951
1 0.999996
1 0.999997
1 0.999975
1 0.999983
1 0.999983
1 0.999980
0 0.068353
0 0.172169
0 0.217478
0 0.172077
0 0.217639
1 0.278224
0 0.121733
0 0.370309
1 0.423393
1 0.415330
1 0.425497
1 0.206026
1 0.376343
1 0.379484
0 0.123998
0 0.055844
0 0.098205
0 0.161161
0 0.170109
0 0.184598
1 0.364562
1 0.310057
1 0.435798
0 0.331680
1 0.288592
1 0.316388
1 0.538476
1 0.404328
1 0.308129
1 0.186724
1 0.316124
1 0.344151
1 0.302701
1 0.202858
1 0.499018
1 0.168312
1 0.168534
1 0.185475
1 0.305141
1 0.315072
1 0.460582
1 0.416423
1 0.458903
1 0.292686
1 0.302954
1 0.375485
1 0.290800
1 0.392121
1 0.435854
1 0.396411
1 0.163865
1 0.240064
1 0.393646
1 0.223543
1 0.161087
1 0.240064
1 0.163900
1 0.261277
1 0.323322
1 0.486709
1 0.365101
1 0.399673
1 0.557225
1 0.471470
1 0.483845
1 0.586423
1 0.407601
1 0.375820
1 0.520698
0 0.106641
0 0.194182
0 0.163044
0 0.413854
0 0.105641
0 0.163084
0 0.167333
0 0.166260
0 0.226129
0 0.316373
0 0.364221
0 0.577798
0 0.379812
0 0.242633
0 0.364979
0 0.497305
0 0.128284
0 0.301544
0 0.259674
1 0.977634
1 0.945221
1 0.965373
1 0.961024
1 0.970560
1 0.986533
1 0.832572
1 0.999153
1 0.955009
1 0.976749
1 0.848489
1 0.966513
1 0.753285
1 0.825832
1 0.672840
1 0.836230
1 0.839438
1 0.906923
1 0.696177
1 0.629677
1 0.907653
1 0.907653
1 0.973534
1 0.961790
1 0.957364
1 0.983487
1 0.959364
1 0.785452
1 0.918813
1 0.930752
1 0.983935
1 0.985268
1 0.997622
1 0.981029
1 0.891644
1 0.874614
1 0.934535
1 0.992512
1 0.946814
1 0.996266
0 0.052522
0 0.264643
0 0.353597
0 0.232368
0 0.278727
0 0.374173
0 0.367273
0 0.311965
0 0.275915
0 0.243905
0 0.241452
0 0.622069
0 0.313342
0 0.143040
0 0.289359
0 0.277968
0 0.283605
0 0.349247
0 0.527891
0 0.359471
0 0.158231
1 0.523620
1 0.993649
1 0.888438
1 0.970485
1 0.973365
1 0.999822
1 0.983785
1 0.993870
1 0.999141
1 0.995293
0 0.286150
0 0.215444
0 0.368875
0 0.220826
0 0.225295
0 0.155489
0 0.381150
0 0.212982
0 0.223106
0 0.288344
1 0.990649
1 0.997904
1 0.999682
1 0.997198
1 0.997803
1 0.999937
1 0.999268
1 0.999069
1 0.998204
1 0.999629
1 0.999310
1 0.999442
1 0.998101
1 0.999706
1 0.999493
1 0.999839
1 0.999211
1 0.999813
1 0.994450
1 0.999164
1 0.997685
1 0.999850
1 0.974054
1 0.999673
1 0.997276
1 0.996831
1 0.997920
1 0.990442
1 0.996140
1 0.974275
0 0.275865
0 0.148489
0 0.302078
0 0.213320
0 0.151304
0 0.343509
0 0.167538
0 0.148175
0 0.527364
0 0.258800
0 0.466832
0 0.491347
0 0.189185
0 0.228352
0 0.364494
0 0.512440
0 0.484146
0 0.281827
0 0.377941
0 0.284197
0 0.384347
0 0.273899
0 0.273157
0 0.451568
0 0.431480
0 0.266270
0 0.232154
0 0.369962
0 0.328113
0 0.264155
0 0.168146
0 0.366491
1 0.995592
1 0.962151
1 0.961584
1 0.994216
1 0.988663
1 0.996856
1 0.999988
1 0.999887
1 0.999493
1 0.997528
1 1.000000
1 0.999926
1 0.999999
1 0.999925
1 0.999121
1 0.999983
1 1.000000
1 0.999989
1 0.999991
1 0.999997
1 0.981501
1 0.998436
1 0.987726
1 0.999813
1 0.999998
1 0.990017
1 0.996591
1 0.999997
1 0.999967
1 0.999301
1 1.000000
1 0.999903
1 0.999998
1 0.999999
1 1.000000
1 1.000000
1 1.000000
1 1.000000
1 1.000000
1 0.999925
1 0.999643
1 0.999954
1 0.999968
1 0.999718
1 0.999792
1 0.999865
1 0.999921
1 0.999892
1 0.999994
1 0.999960
0 0.145405
1 0.215256
0 0.327601
0 0.160292
0 0.167264
0 0.324594
0 0.199374
0 0.319723
0 0.334056
0 0.235674
0 0.251223
0 0.179295
0 0.215048
0 0.215549
1 0.465972
1 0.432614
0 0.225781
1 0.407057
0 0.169990
1 0.259917
0 0.190198
0 0.309093
1 0.379311
1 0.374725
1 0.487131
1 0.410701
1 0.582166
1 0.381467
1 0.540444
1 0.471271
1 0.371476
1 0.319777
1 0.197539
1 0.184774
1 0.189149
1 0.160987
1 0.193686
1 0.295227
1 0.145128
1 0.201689
1 0.372226
1 0.392931
1 0.428760
1 0.294043
1 0.405859
1 0.199047
1 0.315850
1 0.364150
1 0.497733
1 0.839942
1 0.892329
1 0.859837
1 0.863370
1 0.793628
1 0.707924
1 0.803306
1 0.892405
1 0.736774
1 0.787853
1 0.869942
1 0.239345
1 0.544629
1 0.192310
1 0.674248
1 0.486738
1 0.577962
1 0.740925
1 0.332155
1 0.655721
1 0.227600
0 0.236989
0 0.547622
0 0.510724
0 0.337385
0 0.476920
0 0.668303
0 0.485563
0 0.712398
0 0.696248
0 0.510274
0 0.321754
0 0.525975
0 0.491478
0 0.714486
0 0.703290
0 0.557296
0 0.332256
0 0.448574
0 0.295017
0 0.435001
0 0.527328
0 0.307340
0 0.392919
0 0.395307
0 0.310806
0 0.410783
0 0.432455
0 0.405901
0 0.464916
0 0.221468
0 0.653687
0 0.283143
0 0.293632
0 0.215661
0 0.335219
0 0.439322
0 0.267510
0 0.308009
0 0.295454
0 0.444035
0 0.352573
1 0.921607
1 0.693151
1 0.816630
1 0.775820
1 0.889010
1 0.722897
1 0.980108
1 0.953898
1 0.897238
1 0.916526
1 0.231918
1 0.296576
1 0.629668
1 0.525731
1 0.579351
1 0.297167
1 0.420724
1 0.393419
1 0.226777
1 0.510396
1 0.474641
1 0.560996
1 0.505262
1 0.674654
1 0.647011
1 0.598217
1 0.600327
1 0.662233
1 0.585849
1 0.676581
1 0.890009
1 0.946084
1 0.852406
1 0.931354
1 0.936707
1 0.959305
1 0.839516
1 0.902091
1 0.979825
1 0.920691
0 0.111660
0 0.263380
0 0.205137
0 0.251027
0 0.177518
0 0.336651
0 0.504009
0 0.509453
0 0.467754
0 0.219680
0 0.320911
0 0.611578
0 0.396149
0 0.197455
0 0.282891
0 0.259890
0 0.196172
0 0.244505
0 0.251072
0 0.557575
0 0.254219
0 0.239932
0 0.214624
0 0.194513
0 0.407206
0 0.289495
0 0.225794
0 0.115573
0 0.233187
0 0.239256
0 0.195663
1 0.890589
0 0.243766
0 0.264468
1 0.564900
0 0.260290
1 0.812572
1 0.690137
1 0.642466
1 0.433560
1 0.749405
1 0.602600
1 0.518011
1 0.678548
1 0.633215
1 0.707837
1 0.611564
1 0.850465
1 0.936714
1 0.999991
1 0.999137
1 0.999683
1 0.999789
1 0.999960
1 0.999978
1 0.999670
1 0.994558
1 0.999892
1 0.992749
1 0.996366
1 0.998672
1 0.998413
1 0.994559
1 0.997780
1 0.996689
1 0.977643
1 0.998903
1 0.988263
1 0.999462
1 0.998895
1 0.999351
1 0.999559
1 0.999832
1 0.998892
1 0.999458
1 0.999533
1 0.999655
1 0.999428
0 0.718517
0 0.875219
0 0.916845
0 0.868260
0 0.844706
0 0.933174
0 0.838649
0 0.902481
0 0.912620
0 0.910221
0 0.843895
0 0.801563
0 0.870145
0 0.861015
0 0.761423
0 0.796482
0 0.908298
0 0.829615
0 0.910036
0 0.931604
0 0.904050
0 0.815943
0 0.896809
0 0.836990
0 0.882889
0 0.903431
0 0.808230
0 0.952272
0 0.923724
0 0.893878
0 0.893338
0 0.836873
0 0.844771
0 0.769799
0 0.782191
0 0.709471
0 0.811116
1 0.813157
1 0.560644
1 0.796004
1 0.726252
1 0.694037
1 0.705341
1 0.677159
1 0.778026
1 0.890250
1 0.750165
1 0.587549
1 0.783890
1 0.835931
1 0.846268
1 0.802789
1 0.417567
1 0.847576
1 0.561312
1 0.858569
1 0.744484
1 0.639368
1 0.690172
1 0.845888
1 0.811026
1 0.747790
1 0.832544
1 0.580966
1 0.834217
1 0.612700
1 0.835533
1 0.991557
1 0.748849
1 0.525154
1 0.982537
1 0.849102
1 0.958619
1 0.727980
1 0.941734
1 0.883385
1 0.835878
0 0.124439
0 0.157372
0 0.305380
0 0.601097
0 0.320078
0 0.390426
0 0.378755
0 0.402221
0 0.507707
0 0.264900
0 0.360037
0 0.248046
0 0.261514
0 0.431984
0 0.559640
0 0.331559
0 0.782858
0 0.629308
0 0.764948
0 0.357061
0 0.395488
0 0.466243
0 0.425308
0 0.300131
0 0.394717
0 0.359972
0 0.350045
0 0.452958
0 0.468373
1 0.460636
1 0.532931
1 0.463993
1 0.946732
1 0.537597
1 0.629821
1 0.881907
1 0.549399
1 0.445043
1 0.680243
1 0.709300
1 0.795245
1 0.731346
1 0.728335
1 0.690585
1 0.609182
1 0.550926
1 0.697091
1 0.701876
1 0.719411
1 0.901740
1 0.853594
1 0.829576
1 0.938033
1 0.901740
1 0.910670
1 0.965116
1 0.907068
1 0.764600
1 0.933363
1 0.999356
1 0.954518
1 0.967997
1 0.996775
1 0.999305
1 0.911237
1 0.961028
1 0.971941
1 0.848497
1 0.938210
1 0.983362
1 0.979854
1 0.971688
1 0.976521
1 0.994628
1 0.972154
1 0.954306
1 0.806854
1 0.984224
1 0.933311
0 0.162602
0 0.508176
0 0.765883
0 0.424958
0 0.380730
0 0.615797
0 0.678093
0 0.532357
0 0.574953
0 0.753749
0 0.427700
0 0.659966
0 0.464516
0 0.517747
0 0.371038
0 0.547366
0 0.426175
0 0.499963
0 0.466496
0 0.348509
0 0.773728
0 0.398949
0 0.390779
1 0.958880
1 0.987659
1 0.977686
1 0.988543
1 0.987797
1 0.990912
1 0.991143
1 0.983577
1 0.983174
1 0.984325
1 0.249107
1 0.279540
1 0.231366
1 0.267597
1 0.242568
1 0.243908
1 0.396001
1 0.273376
1 0.246525
1 0.247883
1 0.190522
1 0.188794
1 0.285740
1 0.207349
1 0.259388
1 0.169400
1 0.264159
1 0.180985
1 0.254990
1 0.205790
1 0.258176
1 0.183013
1 0.208028
1 0.214538
1 0.166097
1 0.160199
1 0.223036
1 0.177796
1 0.203344
1 0.217637
0 0.281265
0 0.551621
0 0.769517
0 0.622904
0 0.448322
0 0.630693
0 0.451554
0 0.512332
0 0.321376
0 0.641634
0 0.573754
0 0.396379
0 0.302221
0 0.301368
0 0.818201
0 0.390388
0 0.420271
0 0.590696
0 0.259129
0 0.387833
0 0.518132
0 0.536049
0 0.591765
0 0.516895
0 0.615318
0 0.599293
0 0.612998
0 0.543159
0 0.279095
0 0.461108
0 0.695610
0 0.498401
0 0.674322
0 0.547158
0 0.620194
0 0.646469
0 0.605163
0 0.602601
0 0.644701
0 0.504223
1 0.999724
1 0.992132
1 0.999418
1 0.994720
1 0.997324
1 0.995895
1 0.999096
1 0.999476
1 0.998023
1 0.998331
1 0.999995
1 0.999995
1 0.999996
1 0.999956
1 0.999994
1 0.999993
1 0.999980
1 0.999967
1 0.999993
1 0.999997
1 0.999993
1 0.999973
1 0.999993
1 0.999976
1 0.999995
1 0.999998
1 0.999995
1 0.999988
1 0.999902
1 0.999997
1 0.999949
1 0.999994
1 0.999997
1 0.999951
1 0.999995
1 0.999989
1 0.999997
1 0.999979
1 0.999985
1 0.999972
0 0.163752
0 0.327110
0 0.454760
0 0.579668
0 0.284702
0 0.469501
0 0.497539
0 0.321375
0 0.373201
0 0.350664
0 0.376760
0 0.234433
0 0.456997
0 0.376907
0 0.376030
0 0.517303
0 0.277457
0 0.682788
0 0.395690
0 0.501988
0 0.523809
0 0.264178
0 0.392848
0 0.335653
0 0.481420
0 0.393732
0 0.257616
0 0.318141
0 0.366457
0 0.306134
0 0.517105
1 0.794608
1 0.688678
1 0.625318
1 0.775210
1 0.823631
1 0.698408
1 0.830210
1 0.835508
1 0.932567
1 0.757005
1 0.769744
1 0.659583
1 0.802247
1 0.935858
1 0.516725
1 0.681552
1 0.889642
1 0.729090
1 0.918887
1 0.859859
1 0.526151
1 0.431885
1 0.428799
1 0.593491
1 0.626692
1 0.512762
1 0.550059
1 0.391052
1 0.376419
1 0.535555
1 0.766789
1 0.503329
1 0.444425
1 0.580052
1 0.597784
1 0.626218
1 0.488428
1 0.605729
1 0.637614
1 0.590175
0 0.274897
0 0.130768
0 0.303566
0 0.189515
0 0.183617
0 0.299580
0 0.273514
0 0.268824
0 0.302251
0 0.278954
0 0.361584
0 0.298953
0 0.314937
0 0.293344
0 0.326782
0 0.293344
0 0.222979
0 0.229435
0 0.243521
0 0.446995
0 0.303914
0 0.285972
0 0.287609
0 0.312304
0 0.398175
0 0.337265
0 0.324500
0 0.257530
0 0.351534
0 0.318990
0 0.473815
0 0.301583
1 0.397528
1 0.538397
1 0.400736
1 0.242092
1 0.496241
1 0.411645
1 0.378455
1 0.496818
1 0.435303
1 0.337026
1 0.997415
1 0.984837
1 0.955118
1 0.999162
1 0.990533
1 0.967880
1 0.995007
1 0.996171
1 0.977928
1 0.998008
1 0.986084
1 0.997550
1 0.973792
1 0.974677
1 0.997072
1 0.996525
1 0.997831
1 0.981194
1 0.982476
1 0.986991
1 0.997486
1 0.978560
1 0.970267
1 0.964849
1 0.942513
1 0.983020
1 0.996405
1 0.988053
1 0.970939
1 0.989179
1 0.696009
1 0.910510
1 0.958709
1 0.998928
1 0.998869
1 0.992072
1 0.958480
1 0.937852
1 0.953942
1 0.961090
0 0.091188
0 0.175855
0 0.147942
0 0.166233
0 0.179634
0 0.224254
0 0.296125
0 0.168094
0 0.307365
0 0.141140
0 0.448604
0 0.206940
0 0.364697
0 0.234401
0 0.188082
0 0.217146
0 0.200676
0 0.135507
0 0.079973
0 0.252138
0 0.266167
0 0.170963
0 0.243957
0 0.189419
0 0.233174
0 0.249110
0 0.271547
0 0.332821
0 0.196178
0 0.126206
0 0.119315
0 0.198161
0 0.119653
0 0.226073
0 0.130926
0 0.138559
0 0.152734
0 0.214974
0 0.143891
0 0.340817
0 0.164242
1 0.337046
1 0.517393
1 0.388413
1 0.478950
1 0.622763
1 0.171494
1 0.443169
1 0.284762
1 0.141836
1 0.479424
1 0.329691
1 0.314193
1 0.209690
1 0.163082
1 0.336182
1 0.100219
1 0.085798
1 0.282129
1 0.162570
1 0.292793
1 0.194169
1 0.105891
1 0.116124
1 0.185078
1 0.100610
1 0.644123
1 0.200167
1 0.250408
1 0.372672
1 0.113538
1 0.437744
1 0.323222
1 0.605216
1 0.673846
1 0.520174
0 0.341526
0 0.675933
0 0.835957
0 0.874650
0 0.604356
0 0.676421
0 0.524196
0 0.751278
0 0.694822
0 0.780076
0 0.525494
0 0.540768
0 0.520705
0 0.501114
0 0.655915
0 0.302176
0 0.487899
0 0.676051
0 0.561527
0 0.678292
0 0.613482
0 0.625923
0 0.581134
0 0.669027
0 0.601536
0 0.424641
0 0.400882
0 0.569032
1 0.546472
1 0.245583
1 0.424871
1 0.353511
1 0.531218
1 0.361480
1 0.562982
1 0.457111
1 0.357906
1 0.557239
1 0.721411
1 0.741239
0 0.838790
0 0.666438
0 0.540323
0 0.720186
0 0.782160
0 0.756560
0 0.822673
0 0.862686
0 0.661514
1 0.999999
1 1.000000
1 0.999957
1 0.999975
1 0.999997
1 0.999970
1 1.000000
1 0.999994
1 0.999997
1 1.000000
1 0.999953
1 0.999985
1 0.999419
1 0.999971
1 0.999893
1 0.999973
1 0.998747
1 0.999048
1 0.999404
1 0.999995
0 0.098170
0 0.150271
0 0.210841
0 0.342789
0 0.138282
0 0.129618
0 0.245863
0 0.192039
0 0.188345
0 0.302082
0 0.205972
0 0.123927
0 0.406480
0 0.195550
0 0.112240
0 0.199272
0 0.120025
0 0.142532
0 0.238748
0 0.302729
0 0.227239
0 0.217704
0 0.139482
0 0.182332
0 0.323810
0 0.240437
0 0.131702
0 0.420633
0 0.254279
0 0.147510
0 0.136373
1 0.981391
1 0.953505
1 0.919309
1 0.960085
1 0.999603
1 0.964972
1 0.999549
1 0.994474
1 0.924869
1 0.922746
1 0.999427
1 0.998791
1 0.999656
1 0.998963
1 0.999723
1 0.997899
1 0.999459
1 0.999788
1 0.999345
1 0.999248
1 0.992773
1 0.998937
1 0.333258
1 0.408641
1 0.312802
1 0.351569
1 0.998425
1 0.358487
1 0.461292
1 0.514972
1 0.303500
1 0.295859
1 0.306874
1 0.230192
1 0.341698
1 0.328548
1 0.926270
1 0.242970
1 0.293321
1 0.261415
1 0.987178
1 0.970605
1 0.978096
1 0.990948
1 0.998421
1 0.995682
1 0.952292
1 0.986336
1 0.942595
1 0.968255
0 0.187446
0 0.589892
0 0.661696
0 0.593199
0 0.784023
0 0.627092
0 0.783546
0 0.423788
0 0.493612
0 0.766699
0 0.515560
0 0.560014
0 0.475942
0 0.568435
0 0.556918
0 0.675897
0 0.661385
0 0.595597
0 0.536961
0 0.688665
0 0.362272
0 0.469415
0 0.424625
0 0.439044
0 0.599636
0 0.485502
0 0.493136
0 0.487376
0 0.374782
0 0.548484
0 0.596000
0 0.555376
0 0.433590
0 0.567538
0 0.708045
0 0.506033
0 0.512128
0 0.476942
0 0.625020
0 0.639320
0 0.536159
1 0.890837
1 0.797583
1 0.688516
1 0.440229
1 0.768576
1 0.839653
1 0.864831
1 0.818808
1 0.462328
1 0.596196
1 0.969791
1 0.584537
1 0.939759
1 0.881811
1 0.688407
1 0.852656
1 0.798488
1 0.901231
1 0.857521
1 0.910853
1 0.648737
1 0.705977
1 0.329807
1 0.357604
1 0.440907
1 0.636505
1 0.389186
1 0.607587
1 0.508851
1 0.335783
1 0.726478
1 0.540632
1 0.670454
1 0.802948
1 0.604458
1 0.779807
1 0.729680
1 0.629535
1 0.560605
1 0.616595
0 0.156936
0 0.095661
0 0.113227
0 0.092344
0 0.113765
0 0.066371
0 0.125674
0 0.175248
0 0.063957
0 0.096463
0 0.148014
0 0.103171
0 0.121765
0 0.091082
0 0.193819
0 0.040184
0 0.054536
0 0.038216
0 0.072001
0 0.042907
0 0.047999
1 0.991590
1 0.589202
1 0.663895
1 0.770037
1 0.895120
1 0.693119
1 0.868266
1 0.846976
1 0.847792
1 0.897048
1 0.995906
1 0.999992
1 0.997163
1 0.999473
1 0.796580
1 0.964054
1 0.985719
1 0.982161
1 0.984216
1 0.828519
1 0.066571
1 0.114599
1 0.165694
1 0.258536
1 0.155811
1 0.146289
1 0.184247
1 0.218808
1 0.289813
1 0.420308
1 0.994719
1 0.998983
1 0.998954
1 0.997916
1 0.997822
1 0.990104
1 0.999285
1 0.996857
1 0.998777
1 0.998910
0 0.184628
0 0.301241
0 0.306670
0 0.185927
0 0.369147
0 0.292186
0 0.254025
0 0.298809
0 0.425767
0 0.312240
0 0.209708
0 0.257134
0 0.260775
0 0.318730
0 0.300034
0 0.291789
0 0.264064
0 0.356348
0 0.245096
0 0.239046
0 0.254948
0 0.529807
0 0.178522
0 0.309712
0 0.238057
1 0.766431
1 0.546083
1 0.734863
1 0.461958
1 0.566743
1 0.525001
1 0.481430
1 0.480188
1 0.654923
1 0.499068
0 0.345385
1 0.760517
1 0.827327
0 0.336627
0 0.454524
1 0.921418
0 0.620778
1 0.825978
1 0.958638
1 0.476084
1 0.968121
1 0.980960
1 0.933063
1 0.944601
1 0.936366
1 0.918820
1 0.943241
0 0.090813
0 0.153895
0 0.284100
0 0.201654
0 0.391846
0 0.193473
0 0.208945
0 0.189419
0 0.393354
0 0.256378
0 0.217272
0 0.128474
0 0.114973
0 0.246973
0 0.232542
0 0.141204
0 0.074904
0 0.232468
0 0.145106
0 0.145946
0 0.304961
0 0.278358
0 0.308147
0 0.209034
0 0.245978
0 0.217413
0 0.283233
0 0.312682
0 0.442038
0 0.355752
0 0.263833
0 0.118947
0 0.168947
0 0.164415
0 0.126116
0 0.149794
0 0.119856
0 0.153035
0 0.155417
0 0.149354
0 0.167368
1 0.498022
1 0.522674
1 0.420951
1 0.373094
1 0.539172
1 0.449159
1 0.483396
1 0.605507
1 0.352409
1 0.596875
1 0.385786
1 0.574777
1 0.375920
1 0.472074
1 0.449679
1 0.611524
1 0.330554
1 0.481674
1 0.691806
1 0.555980
0 0.292997
0 0.161725
0 0.163973
0 0.362887
0 0.362760
0 0.219731
0 0.183495
0 0.257533
0 0.357963
0 0.282408
1 0.714138
1 0.464431
1 0.692941
1 0.648357
1 0.684527
1 0.440944
1 0.639801
1 0.624337
1 0.566604
0 0.523321
0 0.959799
0 0.736699
0 0.900145
0 0.792758
0 0.669053
0 0.853777
0 0.957328
0 0.834879
1 0.944683
1 0.853551
0 0.952661
0 0.578045
0 0.768529
0 0.784623
0 0.687474
0 0.684049
0 0.506314
0 0.792017
0 0.684441
0 0.689628
0 0.712393
1 0.840108
1 0.811840
1 0.920096
1 0.933311
1 0.990912
1 0.946036
1 0.886979
1 0.870530
1 0.958698
1 0.924129
1 0.998873
1 0.998437
1 0.993405
1 0.997613
1 0.993336
1 0.994283
1 0.984000
1 0.989754
1 0.997943
1 0.995470
1 0.984153
1 0.975914
1 0.954017
1 0.999638
1 0.996927
1 0.993183
1 0.974438
1 0.965616
1 0.965746
1 0.997721
1 0.999267
1 0.999752
1 0.999491
1 0.999191
1 0.998235
1 0.999945
1 0.999210
1 0.999590
1 0.997544
1 0.999546
1 0.978955
1 0.880468
1 0.966218
1 0.994279
1 0.992613
1 0.986825
1 0.984330
1 0.989599
1 0.982014
1 0.983986
0 0.026137
0 0.090471
0 0.160748
0 0.090877
0 0.053494
0 0.060528
0 0.076168
0 0.066376
0 0.081833
0 0.039534
0 0.051282
0 0.068171
0 0.152228
0 0.101541
0 0.176530
0 0.130268
0 0.086538
0 0.112421
0 0.148959
0 0.091916
0 0.164950
0 0.098533
0 0.135009
0 0.132898
0 0.065192
0 0.070350
0 0.055737
0 0.059074
0 0.103114
0 0.068644
0 0.055502
0 0.177268
0 0.071978
0 0.174956
0 0.083095
0 0.137077
0 0.272541
0 0.158044
0 0.343832
0 0.141628
0 0.057681
0 0.181795
0 0.442817
0 0.175081
0 0.147587
0 0.211285
0 0.606066
0 0.190852
0 0.155767
0 0.104190
0 0.241212
1 0.401895
1 0.422029
1 0.347511
1 0.604201
1 0.617566
1 0.535744
1 0.206302
1 0.238804
1 0.317961
1 0.442561
1 0.237644
1 0.214393
1 0.330049
1 0.349851
1 0.377799
1 0.281748
1 0.199600
1 0.295841
1 0.459039
1 0.246051
1 0.073854
1 0.133913
1 0.091931
1 0.081960
1 0.125647
1 0.145791
1 0.143643
1 0.141374
1 0.169594
1 0.120056
0 0.069970
0 0.116191
0 0.220960
0 0.243230
0 0.146736
0 0.468180
0 0.138927
0 0.158066
0 0.418928
0 0.218954
0 0.101001
0 0.081350
0 0.123663
0 0.054031
0 0.116262
0 0.208986
0 0.139316
0 0.055454
0 0.076476
0 0.071052
0 0.052126
0 0.253430
0 0.175539
0 0.099633
0 0.062912
0 0.102848
0 0.100733
0 0.161375
0 0.070870
0 0.227857
0 0.330489
0 0.060303
0 0.213960
0 0.092803
0 0.138081
0 0.222007
0 0.115947
0 0.201284
0 0.315358
0 0.122828
0 0.142344
1 0.999895
1 0.995925
1 0.979964
1 0.981965
1 0.998996
1 0.997284
1 0.957242
1 0.938239
1 0.989168
1 0.988936
1 0.999430
1 0.968039
1 0.984535
1 0.999362
1 0.999801
1 0.958594
1 0.935925
1 0.997954
1 0.983132
1 0.999685
1 0.536154
1 0.279123
1 0.780958
1 0.542154
1 0.592932
1 0.616255
1 0.625070
1 0.324279
1 0.736978
1 0.469865
0 0.260440
0 0.187892
1 0.645374
0 0.266079
1 0.770072
0 0.259724
1 0.818198
0 0.317867
1 0.978524
0 0.432851
0 0.758133
0 0.525290
0 0.656229
0 0.658260
0 0.584642
0 0.615464
0 0.537799
0 0.802437
0 0.744084
0 0.834895
0 0.644312
0 0.806241
0 0.672872
0 0.742213
0 0.522454
0 0.616149
0 0.715402
0 0.659993
0 0.683341
0 0.753530
0 0.699475
0 0.776382
0 0.716797
0 0.754758
0 0.714699
0 0.585902
0 0.745128
0 0.626250
0 0.756744
0 0.726275
0 0.784000
0 0.684717
0 0.615644
0 0.612423
0 0.541821
0 0.629863
0 0.657011
0 0.702720
0 0.707092
0 0.537870
1 0.621206
1 0.797379
1 0.412858
1 0.513397
1 0.630944
1 0.727289
1 0.626766
1 0.780075
1 0.586252
1 0.745937
1 0.731905
1 0.833163
1 0.812762
1 0.858031
1 0.877097
1 0.833523
1 0.771368
1 0.864890
1 0.869205
1 0.806671
1 0.896302
1 0.707192
1 0.788924
1 0.863134
1 0.896412
1 0.670759
1 0.804606
1 0.861358
1 0.692142
1 0.538403
1 0.816018
0 0.418779
0 0.839458
0 0.728494
0 0.809880
0 0.852951
0 0.745019
0 0.825603
0 0.842482
0 0.812441
0 0.818784
0 0.862457
0 0.785060
0 0.574598
0 0.692602
0 0.425464
0 0.787537
0 0.612485
0 0.860610
0 0.445480
0 0.815456
0 0.797552
0 0.736975
0 0.873597
0 0.672002
0 0.791541
0 0.717931
0 0.857443
0 0.599146
0 0.695130
0 0.696781
0 0.677601
1 0.957082
1 0.923349
1 0.857895
1 0.867702
1 0.946701
1 0.668444
1 0.884112
1 0.926417
1 0.905477
1 0.884197
1 0.924741
1 0.624097
1 0.792334
1 0.859729
1 0.928412
1 0.868080
1 0.694841
1 0.666421
1 0.891230
1 0.667037
1 0.991465
1 0.998925
1 0.991242
1 0.983175
1 0.998883
1 0.996981
1 0.998459
1 0.999127
1 0.999321
1 0.990148
1 0.965846
1 0.993332
1 0.985467
1 0.990361
1 0.986209
1 0.998608
1 0.979140
1 0.985740
1 0.953238
1 0.988061
1 0.633082
1 0.527684
1 0.675572
1 0.797378
1 0.733572
1 0.895141
1 0.567477
1 0.900009
1 0.714790
1 0.782766
0 0.015416
0 0.021759
0 0.021480
0 0.020833
0 0.017479
0 0.027483
0 0.027855
0 0.014405
0 0.042674
0 0.023907
0 0.020755
0 0.021494
0 0.023584
0 0.023108
0 0.013454
0 0.022671
0 0.014986
0 0.020127
0 0.019914
0 0.031526
0 0.014571
0 0.032105
0 0.030680
0 0.033680
0 0.033801
0 0.039766
0 0.024685
0 0.034450
0 0.030381
0 0.054888
0 0.032757
0 0.032540
0 0.021267
0 0.028524
0 0.025936
0 0.048923
0 0.049230
0 0.020789
0 0.025213
0 0.017087
0 0.033413
0 0.179096
0 0.032649
0 0.030380
0 0.030031
0 0.021040
0 0.028101
0 0.060018
0 0.205417
0 0.028648
0 0.091021
0 0.051973
0 0.074387
0 0.064913
0 0.028665
0 0.039132
0 0.028498
0 0.033746
0 0.085946
0 0.044314
0 0.058559
0 0.022511
0 0.016309
0 0.015780
0 0.017632
0 0.014797
0 0.035280
0 0.018687
0 0.019148
0 0.026115
0 0.021593
0 0.017775
0 0.024986
0 0.028873
0 0.028224
0 0.022835
0 0.043732
0 0.021581
0 0.014865
0 0.015131
0 0.029260
0 0.069485
1 0.329091
1 0.521934
1 0.485168
1 0.828562
1 0.871162
1 0.778950
1 0.546730
1 0.283331
1 0.466323
1 0.429493
1 0.519877
1 0.413091
1 0.395007
1 0.468325
1 0.434795
1 0.603444
1 0.447547
0 0.152111
0 0.093809
0 0.334168
0 0.229717
0 0.256808
0 0.214212
0 0.103157
0 0.114520
0 0.117668
0 0.133249
1 0.560342
1 0.354013
1 0.372781
1 0.366361
1 0.329439
1 0.421526
1 0.427627
1 0.853514
1 0.410583
1 0.136512
1 0.710845
1 0.833049
1 0.944926
1 0.916987
1 0.902848
1 0.941108
1 0.783207
1 0.908585
1 0.766104
1 0.937814
1 0.078629
1 0.076272
1 0.151634
1 0.144017
1 0.256584
1 0.241453
1 0.200535
1 0.112536
1 0.181930
1 0.041070
1 0.999197
1 0.999009
1 0.984004
1 0.999331
1 0.999061
1 0.916138
1 0.992880
1 0.893820
1 0.998415
1 0.998786
0 0.211327
0 0.285300
0 0.213352
0 0.248302
0 0.315764
0 0.286178
0 0.267464
0 0.392213
0 0.271675
0 0.305950
0 0.224730
0 0.333220
0 0.248155
0 0.377957
0 0.332361
0 0.350635
0 0.302746
0 0.327651
0 0.247997
0 0.530065
0 0.323833
0 0.290256
0 0.192991
0 0.436835
0 0.419416
0 0.319287
0 0.206552
0 0.296214
0 0.320867
0 0.211845
0 0.301485
0 0.200684
0 0.371735
0 0.200701
0 0.354258
0 0.217261
0 0.324932
0 0.311606
0 0.306281
0 0.281099
0 0.277008
1 0.175220
1 0.208752
1 0.287479
1 0.331272
1 0.242633
1 0.184361
1 0.517503
1 0.320161
1 0.263637
1 0.991333
1 0.995138
1 0.995374
1 0.995263
1 0.994581
1 0.995011
1 0.987281
1 0.995171
1 0.993435
1 0.962342
1 0.994751
1 0.990577
1 0.989023
1 0.946929
1 0.975786
1 0.930217
1 0.938458
1 0.950726
1 0.810726
1 0.949275
1 0.994931
1 0.237218
1 0.710198
1 0.994659
1 0.281890
1 0.306157
1 0.995234
1 0.220159
1 0.904020
1 0.957782
0 0.158729
0 0.348212
0 0.413844
0 0.397441
0 0.375789
0 0.360170
0 0.442216
0 0.370939
0 0.370791
0 0.496633
0 0.358774
0 0.364475
0 0.403051
0 0.380216
0 0.416514
0 0.436362
0 0.445197
0 0.499391
0 0.487109
0 0.311179
0 0.359769
0 0.336344
0 0.553049
0 0.354311
0 0.468039
0 0.471487
0 0.400340
0 0.457882
0 0.372940
0 0.521367
0 0.403803
0 0.274267
0 0.309838
0 0.308401
0 0.383433
0 0.337166
0 0.253883
0 0.240170
0 0.292004
0 0.387772
1 0.742726
1 0.907447
1 0.948875
1 0.759389
1 0.919892
1 0.927634
1 0.942400
1 0.846791
1 0.896224
1 0.833272
1 0.905643
1 0.876141
1 0.871749
1 0.854771
1 0.869951
1 0.836136
1 0.747281
1 0.740733
1 0.867565
1 0.808367
1 0.954398
1 0.932409
1 0.937570
1 0.925383
1 0.882194
1 0.945411
1 0.858501
1 0.949252
1 0.931887
1 0.917392
1 0.657234
1 0.888254
1 0.660787
1 0.586816
1 0.857085
1 0.747058
1 0.735321
1 0.650470
1 0.523936
1 0.635800
0 0.078701
0 0.191532
0 0.155177
0 0.198909
0 0.193778
0 0.213433
0 0.289288
0 0.171374
0 0.244486
0 0.156681
0 0.213261
0 0.218929
0 0.154293
0 0.188095
0 0.224290
0 0.141144
0 0.193984
0 0.149645
0 0.302576
0 0.353056
0 0.363419
0 0.130541
0 0.152185
0 0.092402
0 0.158348
0 0.299521
0 0.101397
0 0.134995
0 0.148268
0 0.181449
0 0.265624
0 0.295381
0 0.193865
0 0.240970
0 0.152947
0 0.178016
0 0.179882
0 0.187475
0 0.307229
0 0.161670
0 0.152491
1 0.773889
1 0.799619
1 0.680700
1 0.767685
1 0.887701
1 0.618464
1 0.864841
1 0.657007
1 0.662168
1 0.884603
1 0.999196
1 0.999642
1 0.994708
1 0.999956
1 0.994464
1 0.999607
1 0.993599
1 0.998818
1 0.999560
1 0.993845
1 0.893363
1 0.736028
1 0.977076
1 0.957588
1 0.966185
1 0.764204
1 0.758761
1 0.866432
1 0.906354
1 0.588714
1 0.915936
1 0.988018
1 0.769507
1 0.446763
1 0.983773
1 0.558561
1 0.997422
1 0.992547
1 0.959606
1 0.649812
0 0.707650
0 0.553289
0 0.544711
0 0.717999
0 0.591852
0 0.682762
0 0.632638
0 0.620975
0 0.546627
0 0.749334
0 0.622010
0 0.780715
0 0.782974
0 0.814298
0 0.824097
0 0.829700
0 0.718016
0 0.777852
0 0.716697
0 0.707706
0 0.750186
0 0.727358
0 0.682229
0 0.776878
0 0.673655
0 0.778323
0 0.752636
0 0.743091
0 0.694545
0 0.834830
0 0.677123
0 0.653000
0 0.687585
0 0.719717
0 0.738929
0 0.665156
0 0.653969
0 0.642402
0 0.690866
0 0.637372
0 0.673521
1 0.786156
1 0.864657
1 0.773179
1 0.707220
1 0.836341
1 0.830782
1 0.786061
1 0.770822
1 0.851602
1 0.835450
1 0.973634
1 0.977227
1 0.897068
1 0.956836
1 0.808156
1 0.952790
1 0.904813
1 0.988568
1 0.977501
1 0.973270
0 0.840411
0 0.652599
0 0.593978
0 0.684819
0 0.646069
0 0.762075
0 0.654444
0 0.688310
0 0.586875
0 0.699056
0 0.616753
0 0.751384
0 0.800636
0 0.790395
0 0.600576
0 0.846674
0 0.791260
0 0.789448
0 0.509456
0 0.719668
0 0.653740
0 0.585672
0 0.745109
0 0.653355
0 0.671190
0 0.705582
0 0.757829
0 0.661061
0 0.759701
0 0.665677
0 0.796311
0 0.873612
0 0.760510
0 0.753685
0 0.686581
0 0.798000
0 0.782274
0 0.741957
1 0.811454
1 0.769197
1 0.814038
1 0.791756
1 0.811566
1 0.786874
1 0.858890
1 0.891000
1 0.800508
1 0.742061
1 0.773236
1 0.802788
1 0.720363
1 0.665169
1 0.608853
1 0.588294
1 0.556171
1 0.791629
1 0.602905
1 0.714062
1 0.648074
1 0.684972
1 0.755716
0 0.705580
0 0.717216
0 0.703050
0 0.797822
0 0.793501
0 0.771619
0 0.755201
0 0.787475
1 0.876088
0 0.098718
0 0.133425
0 0.274902
0 0.277357
0 0.115609
0 0.165696
0 0.232249
0 0.213269
0 0.217035
0 0.164087
0 0.196952
0 0.472685
0 0.351775
0 0.406407
0 0.321867
0 0.279768
0 0.247680
0 0.352551
0 0.239585
0 0.504492
0 0.275173
0 0.413388
0 0.401517
0 0.504532
0 0.238143
0 0.242011
0 0.430929
0 0.359138
0 0.332614
0 0.342689
0 0.550038
0 0.257619
0 0.420301
0 0.322130
0 0.438243
0 0.262165
0 0.300510
0 0.557624
0 0.334139
0 0.451929
0 0.287228
0 0.407323
0 0.337952
0 0.294868
0 0.262994
0 0.452674
0 0.240842
0 0.392171
0 0.261867
0 0.249819
0 0.306556
0 0.245788
0 0.219036
0 0.286262
0 0.413613
0 0.362328
0 0.426270
0 0.362110
0 0.374396
0 0.365780
0 0.353946
0 0.391597
0 0.404961
0 0.413542
0 0.508521
0 0.374832
0 0.378282
0 0.267920
0 0.305362
0 0.518289
0 0.243353
0 0.272896
0 0.246849
0 0.158295
0 0.429677
0 0.308697
0 0.175941
0 0.313518
0 0.341379
0 0.425750
0 0.257890
0 0.081400
0 0.109774
0 0.082670
0 0.097290
0 0.113374
0 0.142905
0 0.119228
0 0.134600
0 0.100848
0 0.144641
0 0.126896
0 0.112609
0 0.193402
0 0.128181
0 0.121175
0 0.135246
0 0.149171
0 0.168573
0 0.163227
0 0.137354
0 0.100942
0 0.108561
0 0.088875
0 0.181933
0 0.083658
0 0.147974
0 0.113336
0 0.154517
0 0.079850
0 0.116967
0 0.098480
0 0.097392
0 0.137390
0 0.108433
0 0.100142
0 0.071385
0 0.106603
0 0.076618
0 0.103989
0 0.122957
1 0.076840
1 0.082492
1 0.089192
1 0.150246
1 0.094759
1 0.100351
1 0.094007
1 0.059204
1 0.060470
1 0.067246
0 0.067717
0 0.065860
0 0.085962
0 0.087313
0 0.073017
0 0.078484
0 0.089116
0 0.077984
0 0.095933
0 0.087211
1 0.978566
1 0.996300
1 0.905455
1 0.997707
1 0.998433
1 0.934855
1 0.987078
1 0.987133
1 0.997699
1 0.998599
1 0.108908
1 0.127707
1 0.342587
1 0.142427
1 0.249265
1 0.202055
1 0.149372
0 0.166556
0 0.131259
0 0.191655
0 0.164056
0 0.155860
0 0.162028
0 0.138172
0 0.187202
0 0.182756
0 0.200244
0 0.177844
0 0.150822
0 0.164481
0 0.142496
0 0.179871
0 0.171589
0 0.213088
0 0.177733
0 0.202490
0 0.127400
0 0.167560
0 0.153897
0 0.216667
0 0.116082
0 0.146716
0 0.155768
0 0.289563
0 0.157230
0 0.254523
0 0.181051
0 0.199712
1 0.896230
1 0.199230
1 0.755615
1 0.820309
1 0.330190
1 0.980101
1 0.984493
1 0.968674
1 0.987301
1 0.929822
1 0.984928
1 0.981600
1 0.860216
1 0.944518
1 0.890859
1 0.986972
1 0.986856
1 0.975104
1 0.964196
1 0.921108
1 0.986932
1 0.979890
1 0.964178
1 0.985324
1 0.978300
0 0.346194
0 0.608432
0 0.414990
0 0.806248
0 0.531481
0 0.653597
0 0.574972
0 0.708807
0 0.625718
0 0.653383
0 0.635989
0 0.737943
0 0.769856
0 0.666882
0 0.666103
0 0.695312
0 0.637454
0 0.462782
0 0.835496
0 0.776794
0 0.775999
0 0.722791
0 0.677124
0 0.634477
0 0.853893
0 0.688238
0 0.387145
0 0.774374
0 0.693644
0 0.846583
0 0.771830
0 0.670463
0 0.472045
0 0.647822
0 0.662858
0 0.650374
0 0.549629
0 0.459211
0 0.723244
0 0.583367
0 0.726108
0 0.908315
0 0.609850
0 0.718428
0 0.757728
0 0.759603
0 0.593009
0 0.795844
0 0.719970
0 0.769646
1 0.863100
1 0.872053
0 0.166148
0 0.501611
0 0.437877
0 0.435436
0 0.490137
0 0.348814
0 0.170525
0 0.341662
0 0.378446
0 0.338440
0 0.270072
0 0.287040
0 0.379421
0 0.277696
0 0.325956
0 0.243874
0 0.353089
0 0.297701
0 0.290877
0 0.199826
0 0.478996
0 0.604218
0 0.666255
0 0.592725
0 0.516803
0 0.562692
0 0.695383
0 0.696532
0 0.561808
0 0.555090
0 0.448351
0 0.406021
0 0.344053
0 0.406739
0 0.351463
0 0.285180
0 0.242149
0 0.274179
0 0.262337
0 0.433242
0 0.364986
1 0.854006
1 0.922151
1 0.950286
1 0.897688
1 0.920636
1 0.966698
1 0.879544
1 0.905931
1 0.863398
1 0.935211
1 0.558908
1 0.590906
1 0.758501
1 0.523096
1 0.792275
1 0.590043
1 0.794279
1 0.788069
1 0.637004
1 0.716542
1 0.374602
1 0.936232
1 0.448089
1 0.329264
1 0.656277
1 0.921218
1 0.678256
1 0.771096
1 0.974572
1 0.964859
1 0.636871
1 0.437691
1 0.530771
1 0.496393
1 0.601080
1 0.604465
1 0.523794
1 0.386918
1 0.346163
1 0.605778
0 0.057521
0 0.139148
0 0.174364
0 0.050610
1 0.160890
0 0.131736
0 0.093311
0 0.098609
0 0.112745
0 0.134709
0 0.126766
0 0.110651
0 0.113928
0 0.169503
0 0.152728
0 0.136428
0 0.210871
0 0.170043
1 0.099286
1 0.086971
1 0.132515
1 0.119615
1 0.074082
1 0.132662
1 0.112175
1 0.109598
1 0.095519
1 0.080552
1 0.143983
1 0.115782
1 0.097587
1 0.124966
1 0.111918
1 0.103692
1 0.126793
1 0.132618
1 0.119038
1 0.250899
1 0.220333
1 0.247505
1 0.367953
1 0.162874
1 0.216214
1 0.943254
1 0.277123
1 0.171926
1 0.160301
1 0.987780
1 0.951732
1 0.208104
1 0.190758
1 0.303570
1 0.956059
0 0.094638
0 0.157104
0 0.117911
0 0.098983
0 0.112889
0 0.115219
0 0.115748
0 0.150216
0 0.130148
0 0.131566
0 0.147277
0 0.121747
0 0.145771
0 0.144619
0 0.143677
0 0.142044
0 0.135042
0 0.103953
0 0.136765
0 0.121156
0 0.124014
0 0.106257
0 0.095781
0 0.162150
0 0.139687
0 0.135681
0 0.175839
0 0.122193
0 0.156903
0 0.182483
0 0.127004
0 0.145139
0 0.122083
0 0.100114
0 0.113010
0 0.173930
0 0.109162
0 0.165061
0 0.112074
0 0.118482
0 0.102383
1 0.094394
1 0.097208
1 0.150317
1 0.072035
1 0.096663
1 0.091114
1 0.100194
1 0.124620
1 0.088921
1 0.085927
1 0.663690
1 0.324122
1 0.400787
1 0.798336
1 0.665680
1 0.719060
1 0.608536
1 0.610190
1 0.710609
1 0.521813
1 0.107136
1 0.202088
1 0.134708
1 0.158631
1 0.263410
1 0.122909
1 0.136533
1 0.134202
1 0.132961
1 0.216754
1 0.110077
1 0.104639
1 0.126060
1 0.155709
1 0.084108
1 0.116411
1 0.120576
1 0.129056
1 0.090332
1 0.142882
0 0.383972
1 0.257207
0 0.542973
0 0.612001
0 0.724396
0 0.739833
0 0.746461
0 0.603221
0 0.656201
0 0.650804
0 0.724506
1 0.329510
1 0.291402
1 0.335709
1 0.319879
1 0.286120
1 0.296452
1 0.293739
1 0.319060
1 0.301958
1 0.345968
0 0.677724
0 0.650323
0 0.550208
0 0.755789
0 0.656428
0 0.760969
1 0.285025
1 0.268617
1 0.314962
1 0.223883
1 0.654740
1 0.206053
1 0.222050
1 0.738334
1 0.429067
1 0.324772
1 0.647420
1 0.535294
1 0.464904
1 0.509490
1 0.383070
1 0.699896
1 0.713484
1 0.511634
1 0.372346
1 0.441873
1 0.943415
1 0.934710
1 0.873309
1 0.945625
1 0.903778
1 0.820614
1 0.891138
1 0.877124
1 0.951626
1 0.909199
1 0.237134
1 0.242645
1 0.258978
1 0.271633
1 0.293511
1 0.292301
1 0.280546
1 0.314116
1 0.285462
1 0.308909
0 0.137349
0 0.250298
0 0.327875
0 0.316100
0 0.194399
0 0.398151
0 0.548243
0 0.393429
0 0.246090
0 0.191294
0 0.365590
0 0.262828
0 0.358973
0 0.432946
0 0.391625
0 0.253534
0 0.239525
0 0.328947
0 0.356843
0 0.231025
0 0.195262
0 0.311588
0 0.175111
0 0.266366
0 0.385215
0 0.194857
0 0.201990
0 0.210996
0 0.256535
0 0.219130
0 0.383210
0 0.346424
0 0.437653
0 0.261711
0 0.550932
0 0.158704
0 0.293891
0 0.268293
0 0.408136
0 0.307245
0 0.321725
1 0.980908
1 0.844450
1 0.761232
1 0.873142
1 0.764798
1 0.683575
1 0.778648
1 0.854471
1 0.886214
1 0.661644
1 0.602364
1 0.447155
1 0.495235
1 0.819458
1 0.503170
1 0.307114
1 0.499469
1 0.401000
1 0.401914
1 0.386777
1 0.986805
1 0.684263
1 0.964227
1 0.800601
1 0.917844
1 0.891026
1 0.917960
1 0.968197
1 0.983508
1 0.609069
1 0.473257
1 0.498062
1 0.508431
1 0.833865
1 0.731942
1 0.816444
1 0.614751
1 0.618391
1 0.823578
1 0.540686
0 0.068754
0 0.363515
0 0.175762
0 0.182409
0 0.127927
0 0.117959
0 0.091599
0 0.125496
0 0.146356
0 0.093089
0 0.094814
0 0.252084
0 0.143678
0 0.072410
0 0.135489
0 0.110268
0 0.120367
0 0.145011
0 0.077452
0 0.146879
0 0.097229
0 0.083496
0 0.504203
1 0.676534
0 0.265891
1 0.566592
0 0.135748
1 0.568892
0 0.156352
0 0.179038
0 0.045660
1 0.321064
1 0.992191
1 0.995434
1 0.989244
1 0.974232
1 0.905136
1 0.983554
1 0.997269
1 0.974539
1 0.978911
1 0.989757
1 0.992732
1 0.416654
1 0.997781
1 0.948774
1 0.651608
1 0.524454
1 0.540423
1 0.462409
1 0.998224
1 0.594984
1 0.892081
1 0.952123
1 0.939289
1 0.846159
1 0.941075
1 0.988126
1 0.922890
1 0.909160
1 0.874347
1 0.977280
0 0.131112
1 0.418193
1 0.338465
1 0.342649
1 0.227801
1 0.370386
1 0.448747
1 0.201294
1 0.377626
0 0.341571
0 0.304081
0 0.159614
0 0.274399
0 0.322355
0 0.197625
0 0.432923
0 0.311699
0 0.280414
0 0.393243
1 0.547225
1 0.194226
0 0.129240
0 0.294986
1 0.454546
1 0.270869
1 0.278235
1 0.478090
1 0.280561
1 0.305773
1 0.180856
1 0.638580
0 0.122641
0 0.147575
0 0.123404
0 0.138293
0 0.239653
0 0.187465
0 0.158766
0 0.140385
0 0.133521
0 0.184101
0 0.124048
0 0.167489
0 0.257901
0 0.145719
0 0.105936
0 0.377519
0 0.171102
0 0.132100
0 0.121105
0 0.363109
1 0.699142
1 0.976183
1 0.958560
1 0.936581
1 0.832412
1 0.972639
1 0.793875
1 0.987370
1 0.942743
1 0.716639
1 0.923444
1 0.799163
1 0.792007
1 0.680718
1 0.817542
1 0.971834
1 0.938951
1 0.792284
1 0.899028
1 0.759463
0 0.355863
0 0.278584
0 0.171018
0 0.243891
0 0.261120
0 0.206715
0 0.253230
0 0.321565
0 0.217750
0 0.247137
0 0.291380
0 0.322624
0 0.287775
0 0.530157
0 0.608436
0 0.503208
0 0.546372
0 0.514396
0 0.473669
0 0.441220
0 0.364078
0 0.515465
0 0.374317
0 0.406367
0 0.540311
0 0.276384
0 0.463455
1 0.310160
1 0.310878
1 0.279647
1 0.280312
1 0.214467
1 0.224815
1 0.290039
1 0.650605
1 0.488568
1 0.397442
0 0.519220
0 0.468810
0 0.593033
0 0.394182
1 0.759906
1 0.811232
1 0.820497
1 0.648141
1 0.824304
1 0.815701
1 0.890832
1 0.742817
1 0.908464
1 0.819725
1 0.578157
1 0.454880
1 0.596359
1 0.445680
1 0.319105
1 0.545797
1 0.496687
1 0.328718
1 0.419512
1 0.443748
0 0.165687
0 0.111388
0 0.405886
0 0.450708
0 0.685431
0 0.329748
0 0.610004
0 0.302134
0 0.161246
0 0.382536
1 0.942999
0 0.241341
0 0.323251
0 0.183395
0 0.133194
1 0.896505
1 0.893925
0 0.181949
1 0.939682
0 0.266830
0 0.186585
0 0.495555
0 0.310230
0 0.595225
0 0.758073
0 0.223736
0 0.387457
0 0.725753
1 0.998719
1 0.999441
1 0.999619
1 0.999204
1 0.999868
1 0.999271
1 0.999939
1 0.999842
1 0.998455
1 0.999887
1 0.806463
1 0.989808
1 0.906842
1 0.978012
1 0.986795
1 0.958513
1 0.977961
1 0.981731
1 0.984491
1 0.939335
1 0.995351
1 0.995374
1 0.999956
1 0.958872
1 0.999422
1 0.999560
1 0.997190
1 0.999318
1 0.930928
1 0.999945
1 0.839059
1 0.843894
1 0.610453
1 0.947076
1 0.724979
1 0.817514
1 0.933860
1 0.929664
1 0.978244
1 0.882979
1 0.969492
1 0.897560
1 0.972947
1 0.891962
1 0.894661
1 0.916523
1 0.929038
1 0.943019
1 0.965740
1 0.968361
0 0.102405
0 0.300222
0 0.835335
0 0.336203
0 0.112110
0 0.534804
0 0.209166
0 0.249564
0 0.627605
0 0.410793
0 0.360693
0 0.208364
0 0.432590
0 0.503368
0 0.236396
0 0.356854
0 0.746155
0 0.662838
0 0.357055
0 0.530627
0 0.861852
0 0.259143
0 0.466012
0 0.384472
1 0.975431
0 0.133713
0 0.261889
0 0.201321
0 0.070109
0 0.092797
0 0.148218
0 0.183150
0 0.212718
0 0.086789
0 0.230244
1 0.996154
1 0.996923
1 0.998311
1 0.997994
1 0.994246
1 0.992473
1 0.997780
1 0.997292
1 0.997637
1 0.998184
1 0.960263
1 0.833555
1 0.942453
1 0.898204
1 0.951764
1 0.880290
1 0.984522
1 0.810263
1 0.918056
1 0.838953
1 0.242848
1 0.750356
1 0.940201
1 0.813615
1 0.984866
1 0.787057
1 0.790325
1 0.947116
1 0.911896
1 0.836381
1 0.998979
1 0.957077
1 0.461454
1 0.999841
1 0.912260
1 0.992875
1 0.578596
1 0.999838
1 0.874385
1 0.622796
0 0.074821
0 0.123740
0 0.104907
0 0.070887
0 0.081305
0 0.135156
0 0.089387
0 0.081970
0 0.099361
0 0.105593
0 0.102187
0 0.090043
0 0.103463
0 0.118545
0 0.103101
0 0.114727
0 0.119696
0 0.083247
0 0.117781
0 0.102219
0 0.078388
0 0.084051
0 0.139529
0 0.135188
0 0.121789
0 0.083311
0 0.094143
0 0.094512
0 0.114291
0 0.090510
0 0.102713
0 0.127010
0 0.113129
0 0.136796
0 0.085785
0 0.105243
0 0.088377
0 0.118285
0 0.101312
0 0.090456
0 0.095358
1 0.192104
1 0.162566
1 0.158726
1 0.157470
1 0.195327
1 0.099027
1 0.132818
1 0.126641
1 0.193383
1 0.107543
0 0.161277
0 0.176216
0 0.334650
0 0.270485
0 0.301733
0 0.366401
0 0.290975
0 0.282406
0 0.230324
0 0.309197
0 0.309083
0 0.228825
0 0.295986
0 0.473165
0 0.134741
0 0.519403
0 0.518881
0 0.437698
0 0.297080
0 0.255910
0 0.270484
0 0.336608
0 0.636291
0 0.232451
0 0.202710
0 0.334571
0 0.177744
0 0.313022
0 0.390509
0 0.186209
0 0.324289
1 0.119517
1 0.167785
1 0.394262
1 0.090844
1 0.379956
1 0.113109
1 0.594635
1 0.253601
1 0.119310
1 0.255533
1 0.901933
1 0.746955
1 0.961557
1 0.811285
1 0.582101
1 0.669819
1 0.559689
1 0.770132
1 0.848979
1 0.570056
0 0.271874
0 0.313247
0 0.366628
0 0.364914
0 0.363899
0 0.274668
0 0.434903
0 0.355725
0 0.257173
0 0.391217
1 0.375554
1 0.352818
1 0.355189
1 0.481098
1 0.347189
1 0.453068
1 0.507972
1 0.800791
1 0.536293
1 0.425883
1 0.534773
1 0.607410
1 0.356949
1 0.718084
1 0.550641
0 0.223171
0 0.250595
0 0.335253
0 0.360397
0 0.301347
0 0.573049
0 0.311115
0 0.317253
0 0.244710
0 0.458909
0 0.537128
0 0.308509
0 0.418944
0 0.396816
0 0.305040
0 0.421504
0 0.442738
0 0.268365
0 0.507409
0 0.367462
0 0.626115
0 0.350910
0 0.182802
0 0.527842
0 0.526526
0 0.332603
0 0.292611
0 0.357672
0 0.281445
0 0.404704
0 0.356893
0 0.439726
0 0.370023
0 0.664546
0 0.275616
0 0.313711
0 0.207609
0 0.260024
0 0.235764
0 0.366321
1 0.780100
1 0.964824
1 0.952317
1 0.850085
1 0.966538
1 0.973510
1 0.983447
1 0.964207
1 0.962206
1 0.947523
1 0.207247
1 0.160322
1 0.465531
1 0.182876
1 0.087503
1 0.202722
1 0.196514
1 0.277996
1 0.066939
1 0.347599
1 0.533715
1 0.556381
1 0.314999
1 0.377034
1 0.615205
1 0.284996
1 0.544663
1 0.379667
1 0.598861
1 0.405702
0 0.286659
0 0.231961
0 0.253086
0 0.266769
0 0.545007
0 0.241563
0 0.403481
0 0.298075
0 0.202375
0 0.477835
0 0.092999
0 0.178993
0 0.181845
0 0.118661
0 0.092611
0 0.121919
0 0.181858
0 0.096258
0 0.160345
0 0.115097
0 0.138292
0 0.112994
0 0.196618
0 0.184714
0 0.268444
0 0.226907
0 0.115508
0 0.075294
0 0.154080
0 0.115091
0 0.145633
0 0.178211
0 0.164625
0 0.313988
0 0.121555
0 0.152467
0 0.346429
0 0.260986
0 0.072686
0 0.134825
0 0.182988
1 0.750240
1 0.595063
1 0.764987
1 0.526074
1 0.731065
1 0.560089
1 0.927680
1 0.603429
1 0.751478
1 0.544204
0 0.149152
0 0.208649
0 0.147299
0 0.196294
0 0.307972
0 0.216933
0 0.091761
0 0.089173
0 0.115002
0 0.076980
1 0.183293
1 0.744186
1 0.236586
1 0.307664
1 0.243124
1 0.211071
1 0.642461
1 0.235535
1 0.415882
1 0.798729
1 0.594993
1 0.783976
1 0.823068
1 0.860979
1 0.584583
1 0.858602
1 0.868298
1 0.741596
1 0.681760
1 0.750494
1 0.697946
1 0.826134
1 0.797112
1 0.877313
1 0.895707
1 0.789191
1 0.957820
1 0.871206
1 0.931105
1 0.919051
0 0.130096
0 0.347544
0 0.157046
0 0.340309
0 0.099042
0 0.237941
0 0.168675
0 0.197541
0 0.134333
0 0.190214
0 0.220360
0 0.291566
0 0.209539
0 0.277344
0 0.631936
0 0.363538
0 0.365503
0 0.269027
0 0.320676
0 0.518707
0 0.191873
0 0.406323
0 0.368956
0 0.158694
0 0.554429
0 0.353668
0 0.598819
0 0.356629
0 0.164682
0 0.237348
0 0.483008
0 0.267447
0 0.422130
0 0.160314
0 0.423094
0 0.412616
0 0.205156
1 0.358253
1 0.506615
1 0.452210
1 0.312557
1 0.337872
1 0.416152
1 0.443232
1 0.273071
1 0.501086
1 0.498875
0 0.464130
1 0.614694
1 0.387972
1 0.454593
0 0.502247
1 0.392773
1 0.999991
1 0.999947
1 0.998790
1 0.887198
1 0.999985
1 0.908060
1 0.997338
1 0.999983
1 0.999992
1 0.944793
1 0.997920
1 0.997116
1 0.985421
1 0.992865
1 0.996300
1 0.998044
1 0.994090
1 0.995294
1 0.998381
1 0.995318
0 0.050955
0 0.079646
0 0.184064
0 0.063907
0 0.073716
0 0.086408
0 0.059985
0 0.093433
0 0.112008
0 0.087604
0 0.061528
0 0.073127
0 0.083564
0 0.105259
0 0.098630
0 0.083738
0 0.122948
0 0.106678
0 0.085618
0 0.095012
0 0.083633
0 0.051576
0 0.061299
0 0.166905
0 0.109278
0 0.085388
0 0.048995
0 0.167748
0 0.067312
0 0.196530
0 0.076524
0 0.068447
0 0.235163
0 0.140839
0 0.076944
0 0.054570
0 0.074378
0 0.078384
0 0.059478
0 0.177674
0 0.077744
1 0.999988
1 0.999931
1 0.999991
1 0.999981
1 0.999981
1 0.999066
1 0.999919
1 0.999992
1 0.999958
1 0.999967
1 0.999991
1 0.999994
1 0.999972
1 0.999936
1 0.999951
1 0.999995
1 0.999812
1 0.999995
1 0.999917
1 0.999838
1 0.999847
1 0.999901
1 0.999960
1 0.999784
1 0.999957
1 0.999970
1 0.999856
1 0.999968
1 0.999916
1 0.999827
1 0.999830
1 0.999422
1 0.998887
1 0.999955
1 0.998192
1 0.998934
1 0.999247
1 0.999860
1 0.999538
1 0.999978
0 0.006312
0 0.069206
0 0.057017
0 0.061183
0 0.065395
0 0.060805
0 0.091585
0 0.092968
0 0.109003
0 0.109003
0 0.057365
0 0.080424
0 0.186245
0 0.035618
0 0.113144
0 0.022611
0 0.127002
0 0.116604
0 0.220504
0 0.069011
0 0.077679
0 0.108015
0 0.031628
0 0.160455
0 0.135475
0 0.050947
0 0.096925
0 0.111687
0 0.138728
0 0.092390
0 0.226578
0 0.046418
0 0.080570
0 0.080475
0 0.054649
0 0.079741
0 0.042918
0 0.026864
0 0.055012
0 0.162181
0 0.152951
1 0.424199
1 0.187123
1 0.242526
1 0.075620
1 0.130221
1 0.359567
1 0.087003
1 0.163017
1 0.368711
1 0.207954
1 0.321158
1 0.161621
1 0.205374
1 0.117885
0 0.373100
0 0.592245
0 0.431412
0 0.577335
0 0.544083
0 0.427445
0 0.386185
0 0.558081
0 0.613781
0 0.489058
0 0.474879
0 0.465946
0 0.504727
0 0.457487
0 0.375721
0 0.449206
0 0.453142
0 0.501364
0 0.337062
0 0.486482
0 0.487031
0 0.387828
0 0.415309
0 0.492589
0 0.473829
0 0.338138
0 0.322541
0 0.407960
0 0.332854
0 0.350215
0 0.510646
0 0.572606
0 0.459375
0 0.421483
0 0.441615
0 0.536313
0 0.415628
0 0.412999
0 0.437955
0 0.447594
1 0.502245
1 0.397469
1 0.340770
1 0.356819
1 0.250295
1 0.343788
1 0.297082
1 0.265908
1 0.385363
1 0.288626
1 0.251579
1 0.389109
1 0.376337
1 0.335809
1 0.354030
1 0.498216
1 0.467394
1 0.385063
1 0.302297
1 0.287734
0 0.475519
0 0.616828
0 0.453487
0 0.465124
0 0.635558
0 0.386196
0 0.442286
0 0.585384
0 0.517305
0 0.403479
1 0.979919
1 0.957992
1 0.985918
1 0.665663
1 0.888815
1 0.971639
1 0.910236
1 0.932989
1 0.967030
1 0.979586
0 0.065757
0 0.282116
0 0.255903
0 0.178026
0 0.259431
0 0.211635
0 0.266904
0 0.184770
0 0.235769
0 0.193274
0 0.161015
0 0.278457
0 0.137552
0 0.161623
0 0.164076
0 0.249072
0 0.191218
0 0.185653
0 0.225779
0 0.348960
0 0.218249
0 0.242594
0 0.268022
0 0.120508
0 0.314311
0 0.214748
0 0.255774
0 0.168830
0 0.254306
0 0.185296
0 0.190947
0 0.248912
0 0.250385
0 0.280217
0 0.210394
0 0.202554
0 0.345033
0 0.324500
0 0.206592
0 0.183205
0 0.308987
1 0.383189
1 0.494553
1 0.394802
1 0.718988
1 0.560472
1 0.762193
1 0.687367
1 0.840356
1 0.674527
1 0.615164
1 0.305756
1 0.288090
1 0.458110
1 0.231613
1 0.406127
1 0.305909
1 0.339599
1 0.524508
1 0.496367
1 0.895376
1 0.708881
1 0.955282
1 0.652879
1 0.846005
1 0.813208
1 0.833747
1 0.727452
1 0.729133
1 0.958559
1 0.992996
0 0.201322
1 0.693756
0 0.234879
0 0.207166
0 0.190070
0 0.283442
0 0.263936
0 0.295224
0 0.194303
0 0.240727
0 0.076277
0 0.357724
0 0.518724
0 0.194822
0 0.253771
0 0.509237
0 0.300327
0 0.225624
0 0.300873
0 0.318154
0 0.696739
0 0.313854
0 0.576200
0 0.641554
0 0.537207
0 0.425219
0 0.822653
0 0.666074
0 0.683161
0 0.704342
0 0.799702
0 0.227555
0 0.320634
0 0.543680
0 0.325640
0 0.340812
0 0.395994
0 0.444759
0 0.315890
0 0.583736
0 0.338138
0 0.480330
0 0.359364
0 0.316389
0 0.565027
0 0.483559
0 0.780804
0 0.501047
0 0.706127
0 0.540748
0 0.392651
1 0.999997
1 0.849008
1 0.999999
1 0.841259
1 0.999564
1 0.995008
1 0.999581
1 0.999991
1 0.999882
1 0.999998
1 0.999999
1 0.999998
1 0.999999
1 0.999988
1 0.999999
1 0.999746
1 0.999954
1 0.999999
1 0.999998
1 0.999999
1 0.996602
1 0.999990
1 0.999969
1 0.999897
1 0.999893
1 0.999998
1 0.999999
1 0.999999
1 0.997168
1 0.999998
1 0.085736
1 0.058317
1 0.055438
1 0.033826
1 0.080170
1 0.192047
1 0.046874
1 0.044481
1 0.032211
1 0.129178
0 0.115537
0 0.174600
0 0.224740
0 0.207350
0 0.193855
0 0.178760
0 0.146692
0 0.203303
0 0.101472
0 0.100918
0 0.154899
0 0.170385
0 0.284331
0 0.175979
0 0.150992
0 0.179172
0 0.134523
0 0.201561
0 0.096611
0 0.105448
0 0.149154
0 0.312185
0 0.216175
0 0.162486
0 0.195173
0 0.147294
0 0.179685
0 0.216589
0 0.180808
0 0.208758
0 0.162284
0 0.177248
0 0.204514
0 0.128544
0 0.147909
0 0.222969
0 0.137705
0 0.188669
0 0.336188
0 0.159596
0 0.202704
1 0.999135
1 0.999827
1 0.999889
1 0.999972
1 0.999968
1 0.999852
1 0.999983
1 0.999398
1 0.999996
1 0.999646
0 0.236494
0 0.237252
0 0.195210
0 0.155467
0 0.276001
0 0.180556
0 0.294370
0 0.243370
0 0.147600
0 0.144022
1 0.805468
1 0.998050
1 0.990431
1 0.817095
1 0.948396
1 0.997996
1 0.993712
1 0.971043
1 0.856752
1 0.643565
1 0.988540
1 0.976823
1 0.989890
1 0.996756
1 0.917334
1 0.995202
1 0.995911
1 0.955530
1 0.926534
1 0.906667
0 0.033113
0 0.065326
0 0.076044
0 0.119532
0 0.080842
0 0.042093
0 0.056040
0 0.062454
0 0.056902
0 0.082055
0 0.047147
0 0.086086
0 0.046286
0 0.078118
0 0.061414
0 0.047324
0 0.044166
0 0.041790
0 0.050155
0 0.049589
0 0.067236
0 0.040186
0 0.079568
0 0.039943
0 0.084638
0 0.042865
0 0.071709
0 0.056960
0 0.040184
0 0.049763
0 0.077880
0 0.071014
0 0.043335
0 0.102209
0 0.090184
0 0.079355
0 0.055371
0 0.051957
0 0.062547
0 0.060890
0 0.126311
0 0.031607
0 0.042638
0 0.046548
0 0.101264
0 0.040302
0 0.053029
0 0.082031
0 0.113967
0 0.058634
0 0.045401
0 0.059531
0 0.047401
0 0.091887
0 0.052024
0 0.040540
0 0.064556
0 0.042847
0 0.041211
0 0.077607
0 0.088611
0 0.073544
0 0.085785
0 0.060272
0 0.078417
0 0.079247
0 0.128073
0 0.089232
0 0.220905
0 0.047146
0 0.098258
0 0.067617
0 0.072898
0 0.064239
0 0.071116
0 0.061036
0 0.033926
0 0.041837
0 0.055120
0 0.054075
0 0.048652
0 0.158973
0 0.442153
0 0.801762
0 0.704656
0 0.576101
0 0.555796
0 0.749460
1 0.639270
1 0.555851
0 0.634502
0 0.560121
0 0.394132
0 0.352225
0 0.523065
0 0.617498
0 0.325500
0 0.520050
0 0.242232
0 0.207453
0 0.764366
0 0.361195
0 0.679210
1 0.364862
0 0.383160
1 0.474690
0 0.536135
0 0.836964
0 0.291825
0 0.506554
0 0.540365
0 0.622448
0 0.420238
0 0.311039
0 0.551038
1 0.987913
1 0.999918
1 0.995628
1 0.984469
1 0.999910
1 0.981865
1 0.999898
1 0.998398
1 0.999789
1 0.996422
1 0.998281
1 0.935561
1 0.999901
1 0.999921
1 0.999919
1 0.999927
1 0.980192
1 0.999935
1 0.999874
1 0.999846
0 0.487867
0 0.515893
0 0.380163
0 0.343717
0 0.218831
0 0.609036
1 0.467520
0 0.728834
0 0.652731
1 0.999894
1 0.999573
1 0.999889
1 0.999934
1 0.999933
1 0.999807
1 0.999873
1 0.999921
1 0.999898
1 0.999940
0 0.103546
0 0.173522
0 0.293201
0 0.237135
0 0.234251
0 0.229179
0 0.167947
0 0.688155
0 0.283918
0 0.291092
0 0.265468
1 0.875662
0 0.301662
1 0.696143
1 0.863355
1 0.740324
0 0.253541
0 0.225282
0 0.478893
0 0.278075
0 0.174472
0 0.272597
0 0.240027
0 0.301865
0 0.215253
0 0.219423
0 0.427423
0 0.220663
0 0.223312
0 0.223368
0 0.152055
0 0.205125
0 0.366180
0 0.251529
0 0.372131
0 0.271846
1 0.997832
1 0.822329
1 0.906525
1 0.906420
1 0.869778
1 0.993232
1 0.934035
1 0.895763
1 0.959506
1 0.953163
1 0.210890
1 0.136045
1 0.180932
1 0.119222
1 0.327800
1 0.150837
1 0.159365
1 0.340697
1 0.181911
1 0.356678
1 0.720674
1 0.773481
1 0.811775
1 0.707272
1 0.907405
1 0.707572
1 0.741382
1 0.824530
1 0.535718
1 0.731101
1 0.086249
1 0.126526
1 0.098392
1 0.104148
1 0.134032
1 0.153196
1 0.078176
1 0.133666
1 0.209161
1 0.147448
0 0.176379
0 0.239660
0 0.371892
0 0.195134
0 0.329868
0 0.431282
0 0.176602
0 0.428191
0 0.218470
0 0.136935
0 0.306984
0 0.318389
0 0.221017
0 0.302552
0 0.292751
0 0.323323
0 0.377512
0 0.280102
0 0.272405
0 0.426454
0 0.377446
0 0.422945
0 0.351936
0 0.336433
0 0.233717
0 0.343438
0 0.290602
0 0.204455
0 0.321812
0 0.279258
1 0.205320
1 0.161564
1 0.175525
1 0.137867
1 0.196208
1 0.199967
1 0.225958
1 0.131467
1 0.201374
1 0.164838
1 0.997160
1 0.996232
1 0.995629
1 0.988178
1 0.994503
1 0.999618
1 0.998841
1 0.996232
1 0.990985
1 0.992691
1 0.998824
1 0.998049
1 0.999528
1 0.998245
1 0.998418
1 0.996803
1 0.998664
1 0.997922
1 0.999526
1 0.999439
1 0.999962
1 0.999872
1 0.999997
1 0.999985
1 0.999985
1 0.999994
1 0.999996
1 0.999964
1 0.999994
1 0.999993
1 0.240621
1 0.352787
1 0.248936
1 0.435126
1 0.302233
1 0.235507
1 0.253929
1 0.202062
1 0.442925
1 0.331687
0 0.214944
0 0.362684
0 0.463403
0 0.515789
0 0.397593
0 0.357466
0 0.495919
0 0.618688
0 0.426264
0 0.297242
0 0.205117
0 0.370581
0 0.470984
0 0.654920
0 0.560726
0 0.478397
0 0.361263
0 0.336253
0 0.308319
0 0.358160
0 0.495024
0 0.362331
0 0.649373
0 0.535135
0 0.526608
0 0.461496
0 0.513641
0 0.478770
0 0.705027
0 0.497958
0 0.434166
0 0.420890
0 0.456222
0 0.495843
0 0.244408
0 0.290794
0 0.635995
0 0.415851
0 0.427350
0 0.385156
0 0.255139
1 0.204112
1 0.200577
1 0.323039
1 0.138409
1 0.140670
1 0.186778
1 0.186269
1 0.157428
1 0.156039
1 0.105066
1 0.642360
1 0.710793
1 0.860769
1 0.762190
1 0.721872
1 0.836836
1 0.897979
1 0.701715
1 0.711899
1 0.606578
1 0.999895
1 0.999894
1 0.999569
1 0.950977
1 0.999856
1 0.999969
1 0.998207
1 0.974035
1 0.998741
1 0.999809
1 0.999965
1 0.999827
1 0.999985
1 0.999783
1 0.999748
1 0.999930
1 0.999990
1 0.999971
1 0.999991
1 0.999994
0 0.116548
0 0.579701
0 0.757534
0 0.455245
0 0.242645
0 0.327327
0 0.413073
0 0.243351
0 0.516196
0 0.315153
0 0.173621
0 0.137400
0 0.145570
0 0.245868
0 0.171457
0 0.199140
0 0.532681
0 0.203938
0 0.269887
0 0.267627
0 0.452751
0 0.273306
0 0.280704
0 0.291220
1 0.460483
1 0.686234
1 0.400764
1 0.485621
1 0.465631
1 0.802537
1 0.440333
1 0.496972
1 0.308395
1 0.432765
1 0.815160
1 0.826433
1 0.812014
1 0.836911
1 0.985231
1 0.744795
1 0.938904
1 0.888444
1 0.836275
1 0.955451
1 0.999997
1 0.983520
1 0.999978
1 0.999987
1 0.999617
1 0.999895
1 0.999679
1 0.999990
1 0.999988
1 0.999998
1 0.849978
1 0.989697
1 0.884082
1 0.962855
1 0.564623
1 0.929669
1 0.978572
1 0.972153
1 0.941328
1 0.989229
1 0.999816
1 0.999990
1 0.999998
1 0.999997
1 0.999999
1 0.999998
1 0.999998
1 0.999945
1 0.999910
1 0.999998
0 0.035031
0 0.046169
0 0.045623
0 0.060985
0 0.043035
0 0.064618
0 0.046574
0 0.045269
0 0.046830
0 0.034293
0 0.037801
0 0.077132
0 0.095847
0 0.064076
0 0.080735
0 0.076655
0 0.055565
0 0.067145
0 0.070098
0 0.065456
0 0.052235
0 0.040264
0 0.042884
0 0.030261
0 0.045942
0 0.062685
0 0.040387
0 0.046437
0 0.038788
0 0.042945
0 0.035510
0 0.047889
0 0.025181
0 0.032247
0 0.045670
0 0.048765
0 0.048367
0 0.040555
0 0.041781
0 0.042288
0 0.051607
0 0.034608
0 0.041648
0 0.083539
0 0.053817
0 0.067820
0 0.086990
0 0.043475
0 0.039145
0 0.050932
0 0.057885
0 0.058213
0 0.079110
0 0.065412
0 0.063967
0 0.057246
0 0.054724
0 0.071556
0 0.060725
0 0.078013
0 0.060887
1 0.140469
1 0.118555
1 0.132791
1 0.116227
1 0.115108
1 0.116359
1 0.114016
1 0.180795
1 0.114904
1 0.086268
0 0.206798
0 0.289048
0 0.420009
0 0.362493
0 0.382133
0 0.326764
0 0.565420
0 0.370584
0 0.326240
0 0.369751
0 0.221208
0 0.276358
0 0.286378
0 0.253788
0 0.308615
0 0.324435
0 0.335614
0 0.241869
0 0.393287
0 0.207781
0 0.332103
0 0.214817
0 0.256668
0 0.219888
0 0.375071
0 0.237748
0 0.423955
0 0.370654
0 0.263882
0 0.426352
0 0.190664
1 0.216044
0 0.267391
0 0.251533
1 0.263606
0 0.309938
0 0.339640
1 0.317757
1 0.300507
0 0.290149
0 0.340717
1 0.598872
1 0.498382
0 0.844102
0 0.628347
1 0.893532
1 0.219044
1 0.318749
1 0.251767
1 0.248856
1 0.244902
1 0.796623
1 0.635481
1 0.489939
1 0.597387
1 0.796792
1 0.715255
1 0.513063
0 0.175689
1 0.512714
1 0.663439
1 0.632371
1 0.469545
1 0.601013
1 0.596888
1 0.571631
1 0.345609
1 0.714715
1 0.826762
1 0.662931
1 0.413675
1 0.656428
1 0.607176
1 0.795895
1 0.775594
1 0.619069
1 0.469819
0 0.931958
0 0.644839
0 0.797281
0 0.826382
0 0.752694
0 0.679252
1 0.375954
0 0.687303
0 0.602368
0 0.872624
1 0.653379
1 0.585514
1 0.578094
1 0.732347
1 0.620270
1 0.635763
1 0.657176
1 0.543237
1 0.637977
1 0.370319
0 0.645118
1 0.447161
0 0.634992
0 0.688430
0 0.450644
0 0.609752
0 0.604383
0 0.370911
0 0.637381
0 0.644361
1 0.995010
1 0.998202
1 0.998366
1 0.994087
1 0.997323
1 0.997834
1 0.995062
1 0.999298
1 0.982368
1 0.975103
1 0.997153
1 0.979895
1 0.997152
1 0.946231
1 0.945836
1 0.983253
1 0.988693
1 0.938702
1 0.994527
1 0.980954
1 0.903522
1 0.912612
1 0.978628
1 0.875038
1 0.901499
1 0.947324
1 0.889982
1 0.945139
1 0.924085
1 0.901427
0 0.160478
0 0.300905
0 0.183822
0 0.224469
0 0.309443
0 0.250215
0 0.305123
0 0.246814
0 0.322445
0 0.295186
0 0.245752
0 0.242826
0 0.305405
0 0.279460
0 0.269348
0 0.369567
0 0.236719
0 0.123079
0 0.111212
0 0.166358
0 0.381864
0 0.399279
0 0.329459
0 0.270465
0 0.301148
0 0.303650
0 0.487838
0 0.234538
0 0.227562
0 0.127477
0 0.412356
0 0.437115
0 0.318948
0 0.347652
0 0.241366
0 0.283468
0 0.207386
0 0.204597
0 0.193187
0 0.291407
0 0.210833
0 0.231267
0 0.137581
1 0.274623
1 0.225161
1 0.964611
1 0.635412
1 0.377389
1 0.775479
1 0.784135
1 0.541874
1 0.965562
1 0.666443
1 0.950714
1 0.880989
1 0.412081
1 0.427873
1 0.518015
1 0.519799
1 0.585246
1 0.540916
1 0.440943
1 0.317340
1 0.261616
1 0.460657
1 0.890713
1 0.833889
1 0.785254
1 0.576164
1 0.689968
1 0.375569
1 0.712674
1 0.611662
1 0.856976
1 0.622692
0 0.186005
0 0.539346
0 0.390983
0 0.496392
0 0.249944
0 0.411943
0 0.429143
0 0.391200
0 0.316577
0 0.550194
0 0.437613
0 0.513539
0 0.336290
0 0.434514
0 0.265433
0 0.560824
0 0.367141
0 0.404623
0 0.254668
0 0.508980
0 0.367526
0 0.500583
0 0.313390
0 0.374928
0 0.360402
0 0.485006
0 0.432441
0 0.276328
0 0.596202
0 0.437680
0 0.452905
0 0.555328
0 0.335250
0 0.449112
0 0.345803
0 0.693871
0 0.643354
0 0.366130
0 0.794552
0 0.187125
0 0.582954
1 0.951152
1 0.961257
1 0.969871
1 0.990790
1 0.938001
1 0.970759
1 0.901573
1 0.976916
1 0.918901
1 0.929423
1 0.998836
1 0.999689
1 0.999886
1 0.999658
1 0.999823
1 0.999683
1 0.999564
1 0.997962
1 0.999783
1 0.999111
0 0.137554
0 0.186337
0 0.186486
0 0.354420
0 0.216892
0 0.215063
0 0.253943
0 0.181664
0 0.225120
0 0.224741
0 0.218542
0 0.273214
0 0.216970
0 0.106188
0 0.181224
0 0.163399
0 0.152968
0 0.336534
0 0.231037
0 0.187199
0 0.175547
0 0.139664
0 0.164366
0 0.272506
0 0.163185
0 0.236671
0 0.227205
0 0.417139
0 0.198569
0 0.272055
0 0.234773
0 0.115981
0 0.239216
0 0.118645
0 0.279798
0 0.192049
0 0.138179
0 0.082358
0 0.078290
0 0.130233
0 0.123894
1 0.899997
1 0.789634
1 0.891143
1 0.758548
1 0.673540
1 0.929554
1 0.925396
1 0.937002
1 0.876054
1 0.787901
1 0.960259
1 0.722665
1 0.966990
1 0.956998
1 0.933310
1 0.859292
1 0.896244
1 0.964735
1 0.872310
1 0.940561
1 0.999886
1 0.997383
1 0.999907
1 0.997883
1 0.999741
1 0.997901
1 0.999368
1 0.999927
1 0.998495
1 0.999890
0 0.013422
0 0.014011
0 0.027846
0 0.021315
0 0.031443
0 0.012032
0 0.017791
0 0.009950
0 0.027042
0 0.016012
0 0.019921
0 0.130193
0 0.107251
0 0.111922
0 0.077569
0 0.063596
0 0.109285
0 0.097284
0 0.114676
0 0.142886
0 0.119997
0 0.038898
0 0.050381
0 0.048517
0 0.046604
0 0.063965
0 0.064013
0 0.038797
0 0.036113
0 0.025897
0 0.046957
0 0.173609
0 0.096233
0 0.123281
0 0.185073
0 0.101094
0 0.147881
0 0.151452
1 0.673244
1 0.893900
1 0.903527
1 0.401274
1 0.698701
1 0.871200
1 0.896659
1 0.570783
1 0.882909
1 0.296193
1 0.372762
1 0.355911
1 0.259448
1 0.175344
1 0.229123
1 0.111428
1 0.330334
1 0.335350
1 0.088234
1 0.710020
1 0.380758
1 0.682153
1 0.421820
1 0.532405
1 0.871670
1 0.317954
1 0.589412
1 0.806319
1 0.548326
1 0.092944
1 0.107182
1 0.088911
1 0.158441
1 0.120047
1 0.189287
1 0.143696
1 0.095740
1 0.317095
0 0.108259
0 0.314618
0 0.297306
0 0.265765
0 0.175602
0 0.215083
0 0.268656
0 0.219182
0 0.141179
0 0.192241
0 0.244532
0 0.165131
0 0.223077
0 0.181489
0 0.299363
0 0.173941
0 0.193536
0 0.153712
0 0.292825
0 0.293574
0 0.235882
0 0.221079
0 0.205245
0 0.322269
0 0.275316
0 0.170355
0 0.256352
0 0.224532
0 0.146188
0 0.139878
0 0.406720
1 0.998668
1 0.997572
1 0.996631
1 0.994257
1 0.998431
1 0.999317
1 0.990445
1 0.999742
1 0.999904
1 0.999970
1 0.999962
1 0.997194
1 0.994871
1 0.997148
1 0.998764
1 0.977297
1 0.999895
1 0.998955
1 0.999805
1 0.999722
1 0.999157
1 0.998914
1 0.999899
1 0.993706
1 0.997838
1 0.999947
1 0.997498
1 0.992933
1 0.996269
1 0.999229
1 0.449239
1 0.614939
1 0.983418
1 0.704522
1 0.525381
1 0.999905
1 0.999974
1 0.999640
1 0.999641
1 0.998938
1 0.999951
1 0.999400
1 0.999975
1 0.999512
1 0.999154
0 0.547075
0 0.337999
0 0.239181
0 0.644211
0 0.411010
0 0.222841
0 0.565894
0 0.182435
0 0.281054
0 0.763446
0 0.574145
0 0.536880
0 0.751941
0 0.160908
0 0.460074
0 0.890372
0 0.162519
0 0.579826
0 0.369548
0 0.190352
0 0.139704
0 0.837182
0 0.380347
0 0.222145
0 0.569748
0 0.655071
0 0.428083
0 0.431740
0 0.371416
0 0.474004
0 0.520096
0 0.593032
0 0.673436
0 0.371225
0 0.691687
0 0.588835
0 0.712301
0 0.864701
0 0.843542
0 0.251165
1 0.998704
1 0.990180
1 0.986584
1 0.995953
1 0.999956
1 0.791240
1 0.778555
1 0.593673
1 0.918216
1 0.824567
1 0.922110
1 0.890661
1 0.992909
1 0.715581
1 0.946189
1 0.953560
1 0.997820
1 0.983260
1 0.886266
1 0.888894
1 0.779588
1 0.895840
1 0.757059
1 0.780852
1 0.663213
1 0.864947
1 0.920593
1 0.920977
1 0.778284
1 0.933602
1 0.263608
1 0.484525
1 0.665466
1 0.863391
1 0.362806
1 0.687007
1 0.338453
1 0.662671
1 0.868798
1 0.197778
